{"interval":0.1,"frames":[{"parts":{"Left Leg":[-0.5,-2,0,1,0,0,0,1,0,0,0,1],"Right Leg":[0.5,-2.001,0,1,0,0,0,1,0,0,0,1],"Head":[0,1.495,-0.002,1,0,0.002,0,1,0.004,-0.002,-0.004,1],"Torso":[0,-0.005,0,1,0,0,0,1,0,0,0,1],"HumanoidRootPart":[0,0,0,1,0,0,0,1,0,0,0,1],"Right Arm":[1.5,-0.009,-0.004,1,0,0.004,0,1,-0.004,-0.004,0.004,1],"Left Arm":[-1.5,-0.023,-0.011,1,0.001,-0.018,-0.001,1,-0.004,0.018,0.004,1],"Handle":[-0.001,1.744,-0.252,1,0,0.002,0,1,0.004,-0.002,-0.004,1],"ClickHitboxPart":[0,-0.5,0,1,0,0,0,1,0,0,0,1]},"t":0},{"parts":{"Left Leg":[-0.5,-2,0,1,0,0,0,1,0,0,0,1],"Right Leg":[0.5,-2,0,1,0,0,0,1,0,0,0,1],"Head":[0,1.5,0,1,0,0,0,1,0.001,0,-0.001,1],"Torso":[0,0,0,1,0,0,0,1,0,0,0,1],"HumanoidRootPart":[0,0,0,1,0,0,0,1,0,0,0,1],"Right Arm":[1.5,0,0,1,-0.001,0,0.001,1,0,0,0,1],"Left Arm":[-1.5,-0.004,-0.005,1,0,-0.009,0,1,-0.001,0.009,0.001,1],"Handle":[0,1.75,-0.25,1,0,0,0,1,0.001,0,-0.001,1],"ClickHitboxPart":[0,-0.5,0,1,0,0,0,1,0,0,0,1]},"t":0.11},{"parts":{"Left Leg":[-0.5,-2,0,1,0,0,0,1,0,0,0,1],"Right Leg":[0.5,-2,0,1,0,0,0,1,0,0,0,1],"Head":[0,1.498,0.001,1,0,0,0,1,-0.002,0,0.002,1],"Torso":[0,-0.002,0,1,0,0,0,1,0,0,0,1],"HumanoidRootPart":[0,0,0,1,0,0,0,1,0,0,0,1],"Right Arm":[1.502,0.004,0.003,1,-0.003,-0.004,0.003,1,0.003,0.004,-0.003,1],"Left Arm":[-1.5,0.005,-0.001,1,0.001,-0.002,-0.001,1,0.001,0.002,-0.001,1],"Handle":[0,1.749,-0.248,1,0,0,0,1,-0.002,0,0.002,1],"ClickHitboxPart":[0,-0.5,0,1,0,0,0,1,0,0,0,1]},"t":0.214},{"parts":{"Left Leg":[-0.5,-2.001,0,1,0,0,0,1,0,0,0,1],"Right Leg":[0.5,-2.002,0,1,0,0,0,1,0,0,0,1],"Head":[0,1.491,0.003,1,0,-0.001,0,1,-0.006,0.001,0.006,1],"Torso":[0,-0.009,0,1,0,0,0,1,0,0,0,1],"HumanoidRootPart":[0,0,0,1,0,0,0,1,0,0,0,1],"Right Arm":[1.504,0.003,0.007,1,-0.009,-0.01,0.009,1,0.005,0.009,-0.005,1],"Left Arm":[-1.502,0.008,0.004,1,0.004,0.004,-0.004,1,0.004,-0.004,-0.004,1],"Handle":[0,1.742,-0.245,1,0,-0.001,0,1,-0.006,0.001,0.006,1],"ClickHitboxPart":[0,-0.5,0,1,0,0,0,1,0,0,0,1]},"t":0.32},{"parts":{"Left Leg":[-0.5,-2.002,0,1,0,0,0,1,0,0,0,1],"Right Leg":[0.5,-2.005,0,1,0,0,0,1,0,0,0,1],"Head":[0,1.479,0.004,1,0,-0.002,0,1,-0.008,0.002,0.008,1],"Torso":[0,-0.021,0,1,0,0,0,1,0,0,0,1],"HumanoidRootPart":[0,0,0,1,0,0,0,1,0,0,0,1],"Right Arm":[1.505,-0.01,0.006,1,-0.009,-0.008,0.009,1,0.003,0.008,-0.003,1],"Left Arm":[-1.503,-0.004,0.004,1,0.006,0.003,-0.006,1,0.004,-0.003,-0.004,1],"Handle":[0,1.731,-0.244,1,0,-0.002,0,1,-0.008,0.002,0.008,1],"ClickHitboxPart":[0,-0.5,0,1,0,0,0,1,0,0,0,1]},"t":0.428},{"parts":{"Left Leg":[-0.5,-2.002,0,1,0,0,0,1,0,0,0,1],"Right Leg":[0.5,-2.008,0,1,0,0,0,1,0,0,0,1],"Head":[0,1.469,0.003,1,0,-0.001,0,1,-0.006,0.001,0.006,1],"Torso":[0,-0.031,0,1,0,0,0,1,0,0,0,1],"HumanoidRootPart":[0,0,0,1,0,0,0,1,0,0,0,1],"Right Arm":[1.503,-0.027,-0.001,1,-0.006,0,0.006,1,-0.002,0,0.002,1],"Left Arm":[-1.503,-0.025,-0.001,1,0.006,-0.004,-0.006,1,0.001,0.004,-0.001,1],"Handle":[0,1.721,-0.245,1,0,-0.001,0,1,-0.006,0.001,0.006,1],"ClickHitboxPart":[0,-0.5,0,1,0,0,0,1,0,0,0,1]},"t":0.532},{"parts":{"Left Leg":[-0.518,-2.037,-0.137,1,0.012,0,-0.012,0.98,0.199,0.002,-0.198,0.98],"Right Leg":[0.512,-1.984,-0.159,1,-0.022,0.012,0.019,0.972,0.234,-0.017,-0.234,0.972],"Head":[0,1.384,-0.01,1,-0.018,0.015,0.019,1,-0.005,-0.015,0.006,1],"Torso":[0.004,-0.116,-0.005,0.999,0.005,-0.034,-0.005,1,0.007,0.034,-0.007,0.999],"HumanoidRootPart":[0,0,0,1,0,0,0,1,0,0,0,1],"Right Arm":[1.474,-0.212,-0.081,0.997,-0.057,-0.053,0.045,0.976,-0.212,0.064,0.209,0.976],"Left Arm":[-1.432,-0.159,-0.218,0.996,-0.003,-0.087,-0.018,0.971,-0.239,0.085,0.24,0.967],"Handle":[-0.009,1.635,-0.258,1,-0.018,0.015,0.019,1,-0.005,-0.015,0.006,1],"ClickHitboxPart":[0,-0.5,0,1,0,0,0,1,0,0,0,1]},"t":0.64},{"parts":{"Left Leg":[-0.518,-2.05,-0.259,1,0.029,0.007,-0.029,0.931,0.364,0.004,-0.364,0.931],"Right Leg":[0.553,-1.567,-0.304,0.995,-0.084,0.056,0.052,0.899,0.435,-0.087,-0.43,0.899],"Head":[0.001,1.328,-0.139,0.993,-0.114,0.027,0.113,0.993,0.026,-0.03,-0.022,0.999],"Torso":[0.026,-0.165,-0.057,0.972,0.032,-0.231,-0.015,0.997,0.076,0.233,-0.071,0.97],"HumanoidRootPart":[0,0,0,1,0,0,0,1,0,0,0,1],"Right Arm":[1.542,-0.158,0.263,0.82,-0.423,-0.385,0.327,0.899,-0.291,0.469,0.112,0.876],"Left Arm":[-1.271,0.297,-1.254,0.958,-0.067,-0.28,-0.251,0.279,-0.927,0.141,0.958,0.251],"Handle":[-0.034,1.57,-0.394,0.993,-0.114,0.027,0.113,0.993,0.026,-0.03,-0.022,0.999],"ClickHitboxPart":[0,-0.5,0,1,0,0,0,1,0,0,0,1]},"t":0.744},{"parts":{"Left Leg":[-0.518,-2.022,-0.173,1,0.028,0.003,-0.028,0.97,0.241,0.004,-0.241,0.97],"Right Leg":[0.552,-1.483,-0.295,0.995,-0.086,0.057,0.054,0.905,0.422,-0.088,-0.417,0.905],"Head":[-0.003,1.424,-0.197,0.991,-0.131,0.021,0.129,0.99,0.052,-0.027,-0.049,0.998],"Torso":[0.028,-0.066,-0.077,0.969,0.034,-0.244,-0.01,0.995,0.101,0.246,-0.096,0.964],"HumanoidRootPart":[0,0,0,1,0,0,0,1,0,0,0,1],"Right Arm":[1.492,0.121,0.469,0.548,-0.598,-0.585,0.513,0.793,-0.329,0.66,-0.12,0.741],"Left Arm":[-1.248,0.448,-1.508,0.957,-0.081,-0.279,-0.272,0.09,-0.958,0.103,0.993,0.064],"Handle":[-0.041,1.659,-0.458,0.991,-0.131,0.021,0.129,0.99,0.052,-0.027,-0.049,0.998],"ClickHitboxPart":[0,-0.5,0,1,0,0,0,1,0,0,0,1]},"t":0.848},{"parts":{"Left Leg":[-0.52,-2.022,-0.168,1,0.026,0.002,-0.026,0.972,0.234,0.004,-0.234,0.972],"Right Leg":[0.567,-1.724,-0.284,0.996,-0.065,0.067,0.033,0.914,0.405,-0.087,-0.401,0.912],"Head":[-0.02,1.43,-0.008,0.992,-0.112,0.059,0.113,0.993,-0.015,-0.057,0.022,0.998],"Torso":[0.016,-0.066,-0.008,0.983,0.02,-0.181,-0.018,1,0.014,0.181,-0.01,0.983],"HumanoidRootPart":[0,0,0,1,0,0,0,1,0,0,0,1],"Right Arm":[1.521,0.062,0.408,0.702,-0.516,-0.491,0.405,0.856,-0.321,0.586,0.027,0.81],"Left Arm":[-1.355,0.218,-1.036,0.934,0.032,-0.357,-0.314,0.551,-0.773,0.172,0.834,0.524],"Handle":[-0.063,1.683,-0.251,0.992,-0.112,0.059,0.113,0.993,-0.015,-0.057,0.022,0.998],"ClickHitboxPart":[0,-0.5,0,1,0,0,0,1,0,0,0,1]},"t":0.955},{"parts":{"Left Leg":[-0.521,-2.031,-0.204,1,0.025,0.002,-0.024,0.958,0.286,0.005,-0.286,0.958],"Right Leg":[0.583,-2.011,-0.219,0.996,-0.041,0.079,0.014,0.951,0.309,-0.088,-0.307,0.948],"Head":[-0.002,1.371,0.068,1,-0.005,0.013,0.005,1,-0.007,-0.013,0.007,1],"Torso":[0,-0.128,0.029,1,0,-0.011,-0.001,0.999,-0.036,0.011,0.036,0.999],"HumanoidRootPart":[0,0,0,1,0,0,0,1,0,0,0,1],"Right Arm":[1.456,-0.151,-0.135,0.986,-0.125,0.114,0.15,0.957,-0.248,-0.078,0.262,0.962],"Left Arm":[-1.465,-0.107,-0.212,0.954,0.176,-0.243,-0.228,0.951,-0.209,0.194,0.255,0.947],"Handle":[-0.006,1.623,-0.179,1,-0.005,0.013,0.005,1,-0.007,-0.013,0.007,1],"ClickHitboxPart":[0,-0.5,0,1,0,0,0,1,0,0,0,1]},"t":1.061},{"parts":{"Left Leg":[-0.592,-1.78,-0.363,0.982,0.18,0.051,-0.18,0.839,0.513,0.049,-0.513,0.857],"Right Leg":[0.574,-2.014,-0.218,0.996,-0.054,0.072,0.029,0.951,0.309,-0.085,-0.305,0.948],"Head":[0.02,1.444,-0.046,0.996,0.07,-0.05,-0.066,0.996,0.064,0.054,-0.06,0.997],"Torso":[-0.007,-0.054,-0.007,0.936,-0.008,0.351,0.004,1,0.011,-0.351,-0.009,0.936],"HumanoidRootPart":[0,0,0,1,0,0,0,1,0,0,0,1],"Right Arm":[1.263,0.308,-1.288,0.731,-0.08,0.678,0.603,0.54,-0.587,-0.319,0.838,0.442],"Left Arm":[-1.474,0.009,0.441,0.867,0.363,0.341,-0.298,0.927,-0.227,-0.399,0.096,0.912],"Handle":[0.05,1.677,-0.31,0.996,0.07,-0.05,-0.066,0.996,0.064,0.054,-0.06,0.997],"ClickHitboxPart":[0,-0.5,0,1,0,0,0,1,0,0,0,1]},"t":1.168},{"parts":{"Left Leg":[-0.632,-1.644,-0.427,0.966,0.245,0.089,-0.247,0.758,0.604,0.08,-0.605,0.792],"Right Leg":[0.559,-2.014,-0.214,0.995,-0.076,0.06,0.054,0.951,0.305,-0.08,-0.301,0.95],"Head":[-0.001,1.454,-0.099,0.998,0.066,0.01,-0.067,0.993,0.093,-0.003,-0.094,0.996],"Torso":[-0.015,-0.042,-0.023,0.858,-0.019,0.514,0.001,0.999,0.035,-0.514,-0.029,0.857],"HumanoidRootPart":[0,0,0,1,0,0,0,1,0,0,0,1],"Right Arm":[0.964,0.562,-1.616,0.641,0.091,0.762,0.752,0.12,-0.648,-0.151,0.989,0.008],"Left Arm":[-1.373,0.186,0.803,0.585,0.555,0.592,-0.514,0.818,-0.259,-0.627,-0.153,0.764],"Handle":[0.014,1.679,-0.371,0.998,0.066,0.01,-0.067,0.993,0.093,-0.003,-0.094,0.996],"ClickHitboxPart":[0,-0.5,0,1,0,0,0,1,0,0,0,1]},"t":1.276},{"parts":{"Left Leg":[-0.63,-1.644,-0.44,0.964,0.247,0.098,-0.253,0.742,0.621,0.081,-0.623,0.778],"Right Leg":[0.557,-2.028,-0.251,0.995,-0.078,0.056,0.053,0.932,0.358,-0.08,-0.354,0.932],"Head":[0.019,1.427,-0.041,0.997,0.075,-0.003,-0.075,0.995,0.068,0.008,-0.068,0.998],"Torso":[-0.008,-0.07,-0.003,0.865,-0.01,0.502,0.007,1,0.009,-0.502,-0.004,0.865],"HumanoidRootPart":[0,0,0,1,0,0,0,1,0,0,0,1],"Right Arm":[1.025,0.45,-1.51,0.654,0.045,0.755,0.708,0.315,-0.632,-0.266,0.948,0.174],"Left Arm":[-1.394,0.128,0.772,0.658,0.531,0.534,-0.486,0.841,-0.236,-0.574,-0.104,0.812],"Handle":[0.039,1.659,-0.307,0.997,0.075,-0.003,-0.075,0.995,0.068,0.008,-0.068,0.998],"ClickHitboxPart":[0,-0.5,0,1,0,0,0,1,0,0,0,1]},"t":1.383},{"parts":{"Left Leg":[-0.544,-1.925,-0.288,0.996,0.09,0.02,-0.091,0.909,0.406,0.018,-0.406,0.914],"Right Leg":[0.578,-2.031,-0.264,0.996,-0.048,0.075,0.017,0.927,0.375,-0.088,-0.372,0.924],"Head":[0.02,1.362,0.046,0.999,0.043,-0.028,-0.042,0.999,0.013,0.028,-0.012,1],"Torso":[-0.001,-0.137,0.023,0.983,-0.001,0.185,0.006,1,-0.028,-0.185,0.029,0.982],"HumanoidRootPart":[0,0,0,1,0,0,0,1,0,0,0,1],"Right Arm":[1.417,-0.048,-0.591,0.874,-0.168,0.456,0.321,0.904,-0.283,-0.364,0.394,0.844],"Left Arm":[-1.503,-0.102,0.108,0.964,0.265,-0.008,-0.261,0.944,-0.202,-0.046,0.197,0.979],"Handle":[0.037,1.609,-0.207,0.999,0.043,-0.028,-0.042,0.999,0.013,0.028,-0.012,1],"ClickHitboxPart":[0,-0.5,0,1,0,0,0,1,0,0,0,1]},"t":1.498},{"parts":{"Left Leg":[-0.52,-2.047,-0.252,1,0.026,0.005,-0.026,0.935,0.354,0.004,-0.354,0.935],"Right Leg":[0.576,-1.955,-0.252,0.996,-0.051,0.074,0.022,0.934,0.357,-0.087,-0.354,0.931],"Head":[-0.013,1.329,0.038,0.998,-0.045,0.042,0.045,0.999,-0.009,-0.042,0.01,0.999],"Torso":[0.004,-0.171,0.015,0.993,0.005,-0.12,-0.007,1,-0.018,0.12,0.018,0.993],"HumanoidRootPart":[0,0,0,1,0,0,0,1,0,0,0,1],"Right Arm":[1.496,-0.161,0.002,0.976,-0.213,0.042,0.218,0.95,-0.225,0.008,0.229,0.973],"Left Arm":[-1.421,-0.105,-0.47,0.936,0.127,-0.329,-0.243,0.908,-0.342,0.256,0.4,0.88],"Handle":[-0.035,1.581,-0.209,0.998,-0.045,0.042,0.045,0.999,-0.009,-0.042,0.01,0.999],"ClickHitboxPart":[0,-0.5,0,1,0,0,0,1,0,0,0,1]},"t":1.603},{"parts":{"Left Leg":[-0.519,-2.051,-0.26,1,0.028,0.007,-0.028,0.93,0.366,0.004,-0.366,0.931],"Right Leg":[0.559,-1.661,-0.309,0.995,-0.076,0.059,0.042,0.897,0.441,-0.087,-0.436,0.896],"Head":[-0.005,1.324,-0.088,0.994,-0.102,0.049,0.101,0.995,0.006,-0.05,-0.001,0.999],"Torso":[0.021,-0.172,-0.039,0.979,0.026,-0.204,-0.015,0.998,0.053,0.205,-0.049,0.977],"HumanoidRootPart":[0,0,0,1,0,0,0,1,0,0,0,1],"Right Arm":[1.535,-0.135,0.192,0.899,-0.341,-0.274,0.262,0.921,-0.289,0.351,0.188,0.917],"Left Arm":[-1.317,0.12,-1.048,0.957,-0.026,-0.288,-0.244,0.464,-0.852,0.155,0.886,0.438],"Handle":[-0.042,1.571,-0.338,0.994,-0.102,0.049,0.101,0.995,0.006,-0.05,-0.001,0.999],"ClickHitboxPart":[0,-0.5,0,1,0,0,0,1,0,0,0,1]},"t":1.706},{"parts":{"Left Leg":[-0.517,-2.03,-0.203,1,0.03,0.005,-0.03,0.958,0.284,0.004,-0.284,0.959],"Right Leg":[0.548,-1.487,-0.289,0.994,-0.092,0.055,0.061,0.909,0.413,-0.087,-0.407,0.909],"Head":[0.013,1.401,-0.16,0.992,-0.122,-0.01,0.122,0.992,0.035,0.006,-0.036,0.999],"Torso":[0.033,-0.091,-0.063,0.962,0.041,-0.271,-0.018,0.996,0.087,0.274,-0.079,0.959],"HumanoidRootPart":[0,0,0,1,0,0,0,1,0,0,0,1],"Right Arm":[1.5,0.075,0.489,0.613,-0.548,-0.569,0.441,0.835,-0.329,0.656,-0.049,0.753],"Left Arm":[-1.195,0.522,-1.487,0.953,-0.116,-0.279,-0.268,0.105,-0.958,0.14,0.988,0.069],"Handle":[-0.015,1.64,-0.418,0.992,-0.122,-0.01,0.122,0.992,0.035,0.006,-0.036,0.999],"ClickHitboxPart":[0,-0.5,0,1,0,0,0,1,0,0,0,1]},"t":1.816},{"parts":{"Left Leg":[-0.52,-2.014,-0.138,1,0.026,0.001,-0.026,0.981,0.191,0.004,-0.191,0.982],"Right Leg":[0.561,-1.587,-0.299,0.995,-0.074,0.062,0.041,0.903,0.427,-0.088,-0.422,0.902],"Head":[-0.019,1.452,-0.089,0.989,-0.133,0.058,0.132,0.991,0.007,-0.058,0,0.998],"Torso":[0.021,-0.042,-0.04,0.978,0.026,-0.205,-0.015,0.998,0.054,0.206,-0.049,0.977],"HumanoidRootPart":[0,0,0,1,0,0,0,1,0,0,0,1],"Right Arm":[1.493,0.185,0.494,0.545,-0.61,-0.575,0.509,0.786,-0.351,0.666,-0.101,0.739],"Left Arm":[-1.315,0.361,-1.293,0.948,-0.026,-0.317,-0.299,0.272,-0.915,0.11,0.962,0.25],"Handle":[-0.067,1.698,-0.338,0.989,-0.133,0.058,0.132,0.991,0.007,-0.058,0,0.998],"ClickHitboxPart":[0,-0.5,0,1,0,0,0,1,0,0,0,1]},"t":1.92},{"parts":{"Left Leg":[-0.52,-2.04,-0.233,1,0.025,0.004,-0.025,0.945,0.327,0.004,-0.327,0.945],"Right Leg":[0.579,-1.969,-0.241,0.996,-0.048,0.076,0.019,0.94,0.342,-0.087,-0.339,0.937],"Head":[-0.016,1.35,0.059,0.999,-0.043,0.03,0.044,0.999,-0.013,-0.029,0.014,0.999],"Torso":[0.003,-0.149,0.023,0.996,0.003,-0.092,-0.006,1,-0.029,0.092,0.029,0.995],"HumanoidRootPart":[0,0,0,1,0,0,0,1,0,0,0,1],"Right Arm":[1.566,-0.008,0.036,0.908,-0.42,0.011,0.411,0.882,-0.23,0.087,0.213,0.973],"Left Arm":[-1.441,-0.086,-0.43,0.936,0.15,-0.319,-0.252,0.917,-0.309,0.246,0.37,0.896],"Handle":[-0.034,1.603,-0.187,0.999,-0.043,0.03,0.044,0.999,-0.013,-0.029,0.014,0.999],"ClickHitboxPart":[0,-0.5,0,1,0,0,0,1,0,0,0,1]},"t":2.027},{"parts":{"Left Leg":[-0.554,-1.881,-0.274,0.994,0.111,0.02,-0.11,0.916,0.386,0.024,-0.386,0.922],"Right Leg":[0.579,-2.017,-0.225,0.996,-0.047,0.076,0.021,0.947,0.319,-0.087,-0.316,0.945],"Head":[0.019,1.423,0.016,0.998,0.055,-0.011,-0.054,0.998,0.027,0.013,-0.026,1],"Torso":[-0.004,-0.076,0.013,0.968,-0.003,0.25,0.007,1,-0.015,-0.25,0.016,0.968],"HumanoidRootPart":[0,0,0,1,0,0,0,1,0,0,0,1],"Right Arm":[1.392,0.158,-0.855,0.775,-0.279,0.568,0.524,0.786,-0.329,-0.354,0.552,0.755],"Left Arm":[-1.532,-0.052,0.258,0.937,0.317,0.143,-0.287,0.937,-0.199,-0.197,0.145,0.969],"Handle":[0.036,1.666,-0.24,0.998,0.055,-0.011,-0.054,0.998,0.027,0.013,-0.026,1],"ClickHitboxPart":[0,-0.5,0,1,0,0,0,1,0,0,0,1]},"t":2.133},{"parts":{"Left Leg":[-0.639,-1.664,-0.432,0.97,0.231,0.081,-0.231,0.757,0.612,0.08,-0.612,0.787],"Right Leg":[0.559,-2.013,-0.209,0.995,-0.077,0.06,0.056,0.953,0.298,-0.08,-0.293,0.953],"Head":[0,1.457,-0.087,0.997,0.071,-0.02,-0.069,0.994,0.088,0.026,-0.087,0.996],"Torso":[-0.021,-0.039,-0.019,0.873,-0.014,0.487,0.001,1,0.028,-0.487,-0.024,0.873],"HumanoidRootPart":[0,0,0,1,0,0,0,1,0,0,0,1],"Right Arm":[1.015,0.578,-1.587,0.657,0.086,0.749,0.743,0.097,-0.662,-0.13,0.992,0],"Left Arm":[-1.516,-0.006,0.777,0.664,0.5,0.556,-0.417,0.865,-0.279,-0.62,-0.046,0.783],"Handle":[0.023,1.684,-0.357,0.997,0.071,-0.02,-0.069,0.994,0.088,0.026,-0.087,0.996],"ClickHitboxPart":[0,-0.5,0,1,0,0,0,1,0,0,0,1]},"t":2.241},{"parts":{"Left Leg":[-0.636,-1.746,-0.421,0.996,0.081,-0.025,-0.05,0.798,0.6,0.068,-0.597,0.8],"Right Leg":[0.56,-2.009,-0.197,0.995,-0.075,0.062,0.055,0.958,0.282,-0.08,-0.277,0.958],"Head":[0.021,1.471,0.012,1,0.008,-0.009,-0.007,0.999,0.044,0.009,-0.044,0.999],"Torso":[-0.006,-0.028,0.015,0.914,0.023,0.405,-0.013,1,-0.026,-0.406,0.018,0.914],"HumanoidRootPart":[0,0,0,1,0,0,0,1,0,0,0,1],"Right Arm":[1.302,0.867,-1.097,0.762,0.19,0.62,0.523,-0.744,-0.415,0.382,0.641,-0.666],"Left Arm":[-1.743,0.195,0.281,0.725,0.644,-0.245,-0.443,0.163,-0.881,-0.527,0.748,0.404],"Handle":[0.025,1.71,-0.248,1,0.008,-0.009,-0.007,0.999,0.044,0.009,-0.044,0.999],"ClickHitboxPart":[0,-0.5,0,1,0,0,0,1,0,0,0,1]},"t":2.351},{"parts":{"Left Leg":[-0.601,-1.938,-0.362,0.998,0.029,-0.047,0,0.859,0.512,0.055,-0.512,0.857],"Right Leg":[0.555,-2.032,-0.262,0.995,-0.081,0.054,0.056,0.926,0.374,-0.08,-0.369,0.926],"Head":[-0.021,1.374,0.007,0.996,-0.012,0.085,0.009,0.999,0.044,-0.086,-0.043,0.995],"Torso":[-0.029,-0.125,0.013,0.979,0.014,0.202,-0.011,1,-0.018,-0.202,0.015,0.979],"HumanoidRootPart":[0,0,0,1,0,0,0,1,0,0,0,1],"Right Arm":[1.298,0.187,-0.624,0.839,0.162,0.519,0.294,-0.938,-0.182,0.457,0.306,-0.835],"Left Arm":[-1.498,0.176,-0.147,0.844,0.13,-0.52,-0.253,-0.759,-0.6,-0.473,0.638,-0.608],"Handle":[-0.046,1.613,-0.253,0.996,-0.012,0.085,0.009,0.999,0.044,-0.086,-0.043,0.995],"ClickHitboxPart":[0,-0.5,0,1,0,0,0,1,0,0,0,1]},"t":2.459},{"parts":{"Left Leg":[-0.599,-2.031,-0.266,0.998,0.02,-0.051,0,0.928,0.374,0.055,-0.373,0.926],"Right Leg":[0.54,-2.038,-0.273,0.994,-0.105,0.038,0.082,0.917,0.391,-0.076,-0.385,0.92],"Head":[-0.091,1.274,-0.071,0.991,-0.016,0.136,0.006,0.998,0.069,-0.137,-0.068,0.988],"Torso":[-0.069,-0.225,-0.016,0.999,-0.014,0.036,0.013,1,0.022,-0.036,-0.022,0.999],"HumanoidRootPart":[0,0,0,1,0,0,0,1,0,0,0,1],"Right Arm":[0.919,-0.067,-0.648,0.972,0.2,0.124,0.226,-0.941,-0.251,0.066,0.272,-0.96],"Left Arm":[-1.144,-0.15,-0.574,0.99,0.029,-0.137,-0.012,-0.958,-0.287,-0.139,0.286,-0.948],"Handle":[-0.129,1.506,-0.335,0.991,-0.016,0.136,0.006,0.998,0.069,-0.137,-0.068,0.988],"ClickHitboxPart":[0,-0.5,0,1,0,0,0,1,0,0,0,1]},"t":2.568},{"parts":{"Left Leg":[-0.696,-2.001,-0.168,0.96,0.072,-0.272,-0.004,0.969,0.245,0.281,-0.234,0.931],"Right Leg":[0.63,-2.004,-0.157,0.962,-0.15,0.227,0.092,0.964,0.249,-0.256,-0.219,0.942],"Head":[-0.09,1.429,0.015,0.996,-0.007,0.094,0.001,0.998,0.06,-0.094,-0.06,0.994],"Torso":[-0.079,-0.069,0.021,1,-0.008,0.008,0.008,1,-0.024,-0.008,0.024,1],"HumanoidRootPart":[0,0,0,1,0,0,0,1,0,0,0,1],"Right Arm":[1.012,0.322,-0.564,0.344,0.93,0.131,0.923,-0.309,-0.227,-0.17,0.199,-0.965],"Left Arm":[-1.336,0.248,-0.544,0.658,-0.75,-0.07,-0.738,-0.623,-0.261,0.152,0.224,-0.963],"Handle":[-0.115,1.664,-0.248,0.996,-0.007,0.094,0.001,0.998,0.06,-0.094,-0.06,0.994],"ClickHitboxPart":[0,-0.5,0,1,0,0,0,1,0,0,0,1]},"t":2.679},{"parts":{"Left Leg":[-0.718,-2.012,-0.198,0.962,0.106,-0.252,-0.027,0.955,0.296,0.272,-0.278,0.921],"Right Leg":[0.614,-2.014,-0.196,0.958,-0.178,0.225,0.102,0.945,0.312,-0.268,-0.276,0.923],"Head":[-0.087,1.387,0.128,0.996,-0.001,0.093,-0.001,1,0.02,-0.093,-0.02,0.995],"Torso":[-0.085,-0.11,0.063,1,-0.001,0.006,0.002,0.997,-0.076,-0.006,0.076,0.997],"HumanoidRootPart":[0,0,0,1,0,0,0,1,0,0,0,1],"Right Arm":[1.052,0.216,-0.449,0.044,0.989,0.142,0.986,-0.02,-0.165,-0.16,0.147,-0.976],"Left Arm":[-1.427,0.256,-0.435,0.014,-0.986,-0.165,-0.987,0.013,-0.159,0.159,0.165,-0.973],"Handle":[-0.111,1.632,-0.126,0.996,-0.001,0.093,-0.001,1,0.02,-0.093,-0.02,0.995],"ClickHitboxPart":[0,-0.5,0,1,0,0,0,1,0,0,0,1]},"t":2.785},{"parts":{"Left Leg":[-0.73,-1.99,-0.109,0.996,0.09,-0.004,-0.088,0.985,0.15,0.017,-0.149,0.989],"Right Leg":[0.553,-1.978,-0.124,0.994,-0.104,0.014,0.1,0.98,0.174,-0.032,-0.171,0.985],"Head":[-0.091,1.471,0.182,0.994,-0.002,0.106,0.002,1,-0.003,-0.106,0.003,0.994],"Torso":[-0.089,-0.024,0.081,1,-0.001,-0.014,0,0.995,-0.099,0.014,0.099,0.995],"HumanoidRootPart":[0,0,0,1,0,0,0,1,0,0,0,1],"Right Arm":[1.078,0.091,-0.478,0.347,0.861,0.372,0.93,-0.265,-0.253,-0.119,0.434,-0.893],"Left Arm":[-1.299,0.054,-0.453,0.714,-0.7,0.02,-0.669,-0.69,-0.277,0.208,0.184,-0.961],"Handle":[-0.118,1.722,-0.066,0.994,-0.002,0.106,0.002,1,-0.003,-0.106,0.003,0.994],"ClickHitboxPart":[0,-0.5,0,1,0,0,0,1,0,0,0,1]},"t":2.892},{"parts":{"Left Leg":[-0.715,-2.015,-0.208,0.992,0.112,-0.054,-0.091,0.95,0.298,0.085,-0.291,0.953],"Right Leg":[0.601,-1.971,-0.196,0.967,-0.036,-0.252,0.103,0.961,0.257,0.233,-0.275,0.933],"Head":[-0.095,1.395,0.197,0.998,-0.002,0.065,0.003,1,-0.01,-0.065,0.01,0.998],"Torso":[-0.091,-0.1,0.087,0.996,-0.003,-0.088,-0.006,0.994,-0.105,0.088,0.106,0.991],"HumanoidRootPart":[0,0,0,1,0,0,0,1,0,0,0,1],"Right Arm":[1.058,0.004,-0.324,0.91,0.376,0.174,0.414,-0.796,-0.442,-0.028,0.475,-0.88],"Left Arm":[-1.338,0.003,-0.529,0.999,0,0.039,0.014,-0.933,-0.359,0.036,0.359,-0.933],"Handle":[-0.111,1.647,-0.049,0.998,-0.002,0.065,0.003,1,-0.01,-0.065,0.01,0.998],"ClickHitboxPart":[0,-0.5,0,1,0,0,0,1,0,0,0,1]},"t":3.002},{"parts":{"Left Leg":[-0.7,-2.029,-0.244,0.98,0.132,-0.147,-0.071,0.93,0.361,0.185,-0.343,0.921],"Right Leg":[0.764,-1.857,-0.171,0.835,-0.078,-0.545,0.195,0.968,0.16,0.515,-0.24,0.823],"Head":[-0.096,1.381,0.146,0.966,0.013,-0.258,-0.012,1,0.005,0.258,-0.002,0.966],"Torso":[-0.108,-0.116,0.067,0.964,0.006,-0.267,-0.027,0.997,-0.076,0.266,0.08,0.961],"HumanoidRootPart":[0,0,0,1,0,0,0,1,0,0,0,1],"Right Arm":[1.315,0.072,-0.042,0.885,0.029,0.466,0.267,-0.849,-0.455,0.382,0.527,-0.759],"Left Arm":[-1.556,0.399,-0.676,0.922,-0.247,0.298,0.012,-0.751,-0.66,0.387,0.612,-0.69],"Handle":[-0.028,1.63,-0.096,0.966,0.013,-0.258,-0.012,1,0.005,0.258,-0.002,0.966],"ClickHitboxPart":[0,-0.5,0,1,0,0,0,1,0,0,0,1]},"t":3.112},{"parts":{"Left Leg":[-0.726,-2.022,-0.234,0.976,0.095,-0.197,-0.023,0.94,0.341,0.218,-0.328,0.919],"Right Leg":[1.036,-1.719,0.036,0.515,-0.653,-0.555,0.389,0.756,-0.527,0.763,0.055,0.644],"Head":[-0.096,1.414,-0.034,0.509,0.037,-0.86,0.024,0.998,0.057,0.86,-0.05,0.507],"Torso":[-0.161,-0.084,-0.003,0.9,0.046,-0.434,-0.039,0.999,0.026,0.434,-0.006,0.901],"HumanoidRootPart":[0,0,0,1,0,0,0,1,0,0,0,1],"Right Arm":[1.553,0.594,0.441,0.059,-0.293,0.954,0.097,-0.95,-0.298,0.994,0.11,-0.028],"Left Arm":[-1.696,-0.041,-0.885,0.493,-0.381,-0.782,-0.02,0.894,-0.448,0.87,0.237,0.433],"Handle":[0.128,1.65,-0.173,0.509,0.037,-0.86,0.024,0.998,0.057,0.86,-0.05,0.507],"ClickHitboxPart":[0,-0.5,0,1,0,0,0,1,0,0,0,1]},"t":3.217},{"parts":{"Left Leg":[-0.733,-2.006,-0.185,0.976,0.085,-0.202,-0.028,0.962,0.271,0.217,-0.258,0.941],"Right Leg":[1.012,-1.744,0.076,0.51,-0.683,-0.523,0.361,0.722,-0.59,0.781,0.112,0.615],"Head":[-0.094,1.45,-0.032,0.413,0.036,-0.91,0.02,0.999,0.048,0.91,-0.038,0.412],"Torso":[-0.155,-0.048,-0.005,0.897,0.043,-0.439,-0.035,0.999,0.026,0.44,-0.008,0.898],"HumanoidRootPart":[0,0,0,1,0,0,0,1,0,0,0,1],"Right Arm":[1.522,0.71,0.457,0.021,-0.221,0.975,0.083,-0.972,-0.222,0.996,0.085,-0.002],"Left Arm":[-1.808,-0.093,-0.861,0.476,-0.212,-0.854,-0.01,0.969,-0.246,0.88,0.125,0.459],"Handle":[0.142,1.688,-0.144,0.413,0.036,-0.91,0.02,0.999,0.048,0.91,-0.038,0.412],"ClickHitboxPart":[0,-0.5,0,1,0,0,0,1,0,0,0,1]},"t":3.321},{"parts":{"Left Leg":[-0.685,-2.017,-0.202,0.974,0.153,-0.165,-0.097,0.947,0.306,0.203,-0.282,0.938],"Right Leg":[1.027,-1.715,-0.025,0.583,-0.327,-0.744,0.228,0.945,-0.236,0.78,-0.032,0.625],"Head":[-0.108,1.456,-0.027,0.449,-0.017,-0.893,0.037,0.999,0,0.893,-0.033,0.449],"Torso":[-0.09,-0.043,-0.004,0.912,-0.009,-0.41,0.011,1,0.002,0.41,-0.007,0.912],"HumanoidRootPart":[0,0,0,1,0,0,0,1,0,0,0,1],"Right Arm":[1.487,0.701,0.386,0.097,-0.264,0.96,0.13,-0.952,-0.276,0.987,0.152,-0.058],"Left Arm":[-1.596,-0.267,-0.831,0.525,-0.344,-0.778,-0.015,0.911,-0.413,0.851,0.229,0.473],"Handle":[0.111,1.706,-0.147,0.449,-0.017,-0.893,0.037,0.999,0,0.893,-0.033,0.449],"ClickHitboxPart":[0,-0.5,0,1,0,0,0,1,0,0,0,1]},"t":3.433},{"parts":{"Left Leg":[-0.687,-2.036,-0.257,0.975,0.151,-0.162,-0.078,0.92,0.384,0.207,-0.362,0.909],"Right Leg":[0.771,-1.975,-0.138,0.961,-0.075,-0.265,0.122,0.979,0.166,0.247,-0.192,0.95],"Head":[-0.159,1.378,-0.018,0.798,-0.068,-0.599,0.077,0.997,-0.01,0.598,-0.039,0.801],"Torso":[-0.114,-0.121,0.002,0.97,-0.012,-0.242,0.011,1,-0.003,0.242,0,0.97],"HumanoidRootPart":[0,0,0,1,0,0,0,1,0,0,0,1],"Right Arm":[1.394,0.219,-0.079,0.72,-0.292,0.63,0.385,-0.587,-0.712,0.578,0.755,-0.31],"Left Arm":[-1.559,-0.15,-0.614,0.862,-0.284,-0.42,-0.375,0.201,-0.905,0.342,0.937,0.067],"Handle":[-0.026,1.63,-0.228,0.798,-0.068,-0.599,0.077,0.997,-0.01,0.598,-0.039,0.801],"ClickHitboxPart":[0,-0.5,0,1,0,0,0,1,0,0,0,1]},"t":3.54},{"parts":{"Left Leg":[-0.947,-1.804,-0.173,0.827,0.366,0.427,-0.431,0.9,0.062,-0.362,-0.235,0.902],"Right Leg":[0.717,-2.026,-0.243,0.987,-0.108,0.12,0.06,0.934,0.352,-0.15,-0.34,0.928],"Head":[-0.011,1.391,-0.02,0.867,-0.046,0.496,0.03,0.999,0.04,-0.497,-0.02,0.867],"Torso":[0.043,-0.108,-0.003,0.97,-0.03,0.24,0.028,1,0.014,-0.241,-0.007,0.971],"HumanoidRootPart":[0,0,0,1,0,0,0,1,0,0,0,1],"Right Arm":[1.462,-0.027,-0.758,0.754,0.44,0.488,0.253,0.491,-0.834,-0.606,0.752,0.259],"Left Arm":[-1.684,0.444,0.209,0.462,0.4,-0.792,-0.292,-0.774,-0.562,-0.838,0.491,-0.241],"Handle":[-0.146,1.63,-0.242,0.867,-0.046,0.496,0.03,0.999,0.04,-0.497,-0.02,0.867],"ClickHitboxPart":[0,-0.5,0,1,0,0,0,1,0,0,0,1]},"t":3.655},{"parts":{"Left Leg":[-1.015,-1.752,0.081,0.507,0.707,0.493,-0.382,0.697,-0.607,-0.773,0.119,0.623],"Right Leg":[0.731,-2.014,-0.212,0.976,-0.088,0.201,0.022,0.951,0.309,-0.218,-0.297,0.929],"Head":[0.096,1.432,-0.036,0.433,-0.037,0.901,-0.026,0.998,0.054,-0.901,-0.047,0.431],"Torso":[0.162,-0.066,-0.005,0.897,-0.047,0.439,0.039,0.999,0.028,-0.44,-0.008,0.898],"HumanoidRootPart":[0,0,0,1,0,0,0,1,0,0,0,1],"Right Arm":[1.798,-0.079,-0.854,0.474,0.237,0.848,-0.007,0.964,-0.265,-0.88,0.12,0.459],"Left Arm":[-1.524,0.675,0.461,0.021,0.236,-0.972,-0.075,-0.969,-0.237,-0.997,0.078,-0.002],"Handle":[-0.138,1.668,-0.156,0.433,-0.037,0.901,-0.026,0.998,0.054,-0.901,-0.047,0.431],"ClickHitboxPart":[0,-0.5,0,1,0,0,0,1,0,0,0,1]},"t":3.764},{"parts":{"Left Leg":[-1.047,-1.688,0.022,0.516,0.551,0.656,-0.307,0.834,-0.459,-0.8,0.035,0.599],"Right Leg":[0.717,-2.004,-0.17,0.976,-0.107,0.191,0.056,0.965,0.255,-0.211,-0.238,0.948],"Head":[0.083,1.462,-0.027,0.407,-0.024,0.913,-0.02,0.999,0.035,-0.913,-0.032,0.406],"Torso":[0.123,-0.037,-0.004,0.898,-0.028,0.44,0.022,1,0.019,-0.44,-0.007,0.898],"HumanoidRootPart":[0,0,0,1,0,0,0,1,0,0,0,1],"Right Arm":[1.737,-0.129,-0.868,0.475,0.248,0.844,-0.013,0.961,-0.275,-0.88,0.12,0.46],"Left Arm":[-1.532,0.729,0.459,0.02,0.234,-0.972,-0.079,-0.969,-0.235,-0.997,0.082,-0.001],"Handle":[-0.151,1.703,-0.136,0.407,-0.024,0.913,-0.02,0.999,0.035,-0.913,-0.032,0.406],"ClickHitboxPart":[0,-0.5,0,1,0,0,0,1,0,0,0,1]},"t":3.868},{"parts":{"Left Leg":[-0.873,-1.876,-0.127,0.859,0.293,0.42,-0.339,0.94,0.038,-0.383,-0.176,0.907],"Right Leg":[0.693,-2.062,-0.316,0.986,-0.143,0.084,0.089,0.883,0.46,-0.14,-0.446,0.884],"Head":[0.105,1.321,-0.09,0.73,-0.004,0.684,-0.033,0.999,0.041,-0.683,-0.053,0.729],"Torso":[0.112,-0.177,-0.027,0.932,-0.004,0.362,-0.009,0.999,0.035,-0.362,-0.036,0.932],"HumanoidRootPart":[0,0,0,1,0,0,0,1,0,0,0,1],"Right Arm":[1.507,-0.326,-0.855,0.607,0.383,0.697,0.289,0.711,-0.642,-0.741,0.59,0.321],"Left Arm":[-1.401,0.325,0.314,0.536,0.049,-0.843,-0.289,-0.927,-0.237,-0.793,0.371,-0.483],"Handle":[-0.066,1.561,-0.285,0.73,-0.004,0.684,-0.033,0.999,0.041,-0.683,-0.053,0.729],"ClickHitboxPart":[0,-0.5,0,1,0,0,0,1,0,0,0,1]},"t":3.981},{"parts":{"Left Leg":[-0.632,-2.051,-0.285,0.984,0.179,0.027,-0.174,0.899,0.401,0.047,-0.399,0.916],"Right Leg":[0.707,-2.083,-0.357,0.992,-0.123,0.025,0.093,0.854,0.511,-0.084,-0.505,0.859],"Head":[0.122,1.132,-0.139,0.979,0.002,0.204,-0.016,0.998,0.066,-0.203,-0.068,0.977],"Torso":[0.117,-0.365,-0.046,0.991,0.004,0.137,-0.012,0.998,0.058,-0.137,-0.059,0.989],"HumanoidRootPart":[0,0,0,1,0,0,0,1,0,0,0,1],"Right Arm":[1.479,-0.108,-0.477,0.81,0.343,0.475,0.556,-0.197,-0.807,-0.184,0.918,-0.351],"Left Arm":[-1.203,-0.124,-0.037,0.879,-0.32,-0.354,-0.431,-0.851,-0.299,-0.206,0.416,-0.886],"Handle":[0.072,1.365,-0.4,0.979,0.002,0.204,-0.016,0.998,0.066,-0.203,-0.068,0.977],"ClickHitboxPart":[0,-0.5,0,1,0,0,0,1,0,0,0,1]},"t":4.084},{"parts":{"Left Leg":[-0.518,-1.824,-0.104,0.989,0.145,-0.019,-0.144,0.988,0.047,0.026,-0.044,0.999],"Right Leg":[0.778,-1.84,0.038,0.995,-0.018,0.096,0.02,1,-0.014,-0.095,0.016,0.995],"Head":[0.14,1.655,0.017,1,-0.008,-0.007,0.008,1,-0.011,0.007,0.011,1],"Torso":[0.141,0.155,0.006,0.989,0.003,-0.148,-0.004,1,-0.005,0.148,0.005,0.989],"HumanoidRootPart":[0,0,0,1,0,0,0,1,0,0,0,1],"Right Arm":[1.65,0.866,-0.176,0.782,0.321,0.534,0.544,-0.77,-0.334,0.303,0.551,-0.777],"Left Arm":[-1.143,0.791,-0.521,0.965,-0.251,-0.073,-0.228,-0.945,0.233,-0.127,-0.209,-0.97],"Handle":[0.14,1.908,-0.23,1,-0.008,-0.007,0.008,1,-0.011,0.007,0.011,1],"ClickHitboxPart":[0,-0.5,0,1,0,0,0,1,0,0,0,1]},"t":4.193},{"parts":{"Left Leg":[-0.356,-1.45,-0.219,0.985,0.085,-0.147,-0.079,0.996,0.047,0.151,-0.034,0.988],"Right Leg":[0.788,-1.436,0.194,1,-0.005,-0.006,0.005,1,0.005,0.006,-0.005,1],"Head":[0.118,2.046,0.023,0.992,-0.043,-0.12,0.04,0.999,-0.028,0.121,0.023,0.992],"Torso":[0.159,0.547,0.006,0.933,-0.02,-0.359,0.017,1,-0.012,0.36,0.005,0.933],"HumanoidRootPart":[0,0,0,1,0,0,0,1,0,0,0,1],"Right Arm":[1.549,1.445,0.268,0.654,0.447,0.611,0.542,-0.84,0.034,0.528,0.309,-0.791],"Left Arm":[-1.097,1.396,-0.534,0.99,0.045,0.137,-0.056,-0.757,0.651,0.133,-0.652,-0.746],"Handle":[0.137,2.303,-0.22,0.992,-0.043,-0.12,0.04,0.999,-0.028,0.121,0.023,0.992],"ClickHitboxPart":[0,-0.5,0,1,0,0,0,1,0,0,0,1]},"t":4.3},{"parts":{"Left Leg":[-0.202,-1.667,-0.301,0.843,-0.002,-0.538,0.011,1,0.014,0.538,-0.018,0.843],"Right Leg":[0.778,-1.625,0.347,0.81,-0.017,-0.586,0.044,0.998,0.033,0.584,-0.053,0.81],"Head":[0.112,1.842,-0.044,0.969,-0.058,-0.241,0.057,0.998,-0.009,0.241,-0.005,0.971],"Torso":[0.169,0.344,-0.017,0.859,-0.028,-0.511,0.036,0.999,0.007,0.511,-0.024,0.859],"HumanoidRootPart":[0,0,0,1,0,0,0,1,0,0,0,1],"Right Arm":[1.403,1.27,0.493,0.562,0.522,0.641,0.567,-0.808,0.161,0.602,0.273,-0.75],"Left Arm":[-1.096,1.216,-0.567,0.925,0.249,0.286,-0.051,-0.665,0.745,0.376,-0.704,-0.603],"Handle":[0.158,2.094,-0.287,0.969,-0.058,-0.241,0.057,0.998,-0.009,0.241,-0.005,0.971],"ClickHitboxPart":[0,-0.5,0,1,0,0,0,1,0,0,0,1]},"t":4.404},{"parts":{"Left Leg":[0.137,-2.02,-0.542,0.634,0.213,-0.744,0.068,0.942,0.327,0.771,-0.258,0.583],"Right Leg":[0.974,-2.013,0.326,0.407,0.253,-0.878,0.05,0.953,0.299,0.912,-0.166,0.375],"Head":[0.186,1.274,-0.109,0.901,-0.028,-0.432,0.042,0.999,0.022,0.431,-0.038,0.901],"Torso":[0.195,-0.224,-0.039,0.739,0.005,-0.674,0.03,0.999,0.041,0.673,-0.051,0.738],"HumanoidRootPart":[0,0,0,1,0,0,0,1,0,0,0,1],"Right Arm":[1.462,0.523,0.753,0.431,0.483,0.762,0.501,-0.831,0.243,0.751,0.277,-0.6],"Left Arm":[-0.808,0.471,-1.048,0.828,0.368,0.422,-0.062,-0.689,0.722,0.557,-0.624,-0.548],"Handle":[0.287,1.518,-0.343,0.901,-0.028,-0.432,0.042,0.999,0.022,0.431,-0.038,0.901],"ClickHitboxPart":[0,-0.5,0,1,0,0,0,1,0,0,0,1]},"t":4.51},{"parts":{"Left Leg":[0.227,-2.031,-0.526,0.446,0.302,-0.842,0.065,0.928,0.367,0.892,-0.218,0.395],"Right Leg":[1.072,-1.811,0.416,0.255,0.072,-0.964,0.046,0.995,0.086,0.966,-0.067,0.25],"Head":[0.251,1.282,-0.14,0.767,-0.025,-0.641,0.069,0.997,0.044,0.638,-0.078,0.766],"Torso":[0.223,-0.213,-0.044,0.55,0.041,-0.834,0.026,0.998,0.066,0.835,-0.057,0.547],"HumanoidRootPart":[0,0,0,1,0,0,0,1,0,0,0,1],"Right Arm":[1.52,0.427,1.222,0.184,-0.071,0.98,0.148,-0.984,-0.099,0.972,0.163,-0.17],"Left Arm":[-0.136,0.322,-1.442,0.634,0.249,0.733,-0.152,-0.889,0.433,0.759,-0.385,-0.525],"Handle":[0.405,1.521,-0.351,0.767,-0.025,-0.641,0.069,0.997,0.044,0.638,-0.078,0.766],"ClickHitboxPart":[0,-0.5,0,1,0,0,0,1,0,0,0,1]},"t":4.615},{"parts":{"Left Leg":[0.137,-1.995,-0.452,0.29,0.172,-0.942,0.06,0.978,0.198,0.955,-0.114,0.273],"Right Leg":[1.25,-1.48,0.53,0.172,-0.802,-0.573,0.202,0.598,-0.776,0.964,0.018,0.265],"Head":[0.237,1.471,-0.19,0.635,-0.095,-0.766,0.205,0.977,0.049,0.745,-0.189,0.64],"Torso":[0.231,-0.015,-0.041,0.393,0.053,-0.918,0.029,0.997,0.07,0.919,-0.054,0.391],"HumanoidRootPart":[0,0,0,1,0,0,0,1,0,0,0,1],"Right Arm":[1.358,0.273,1.659,-0.471,-0.879,0.076,-0.053,-0.058,-0.997,0.88,-0.474,-0.02],"Left Arm":[0.935,0.28,-1.553,0.205,-0.781,0.59,-0.261,-0.624,-0.736,0.943,-0.002,-0.332],"Handle":[0.404,1.703,-0.397,0.635,-0.095,-0.766,0.205,0.977,0.049,0.745,-0.189,0.64],"ClickHitboxPart":[0,-0.5,0,1,0,0,0,1,0,0,0,1]},"t":4.721},{"parts":{"Left Leg":[0.091,-1.986,-0.438,0.286,0.106,-0.952,0.061,0.99,0.128,0.956,-0.095,0.276],"Right Leg":[1.061,-1.576,0.585,0.171,-0.787,-0.593,0.226,0.617,-0.754,0.959,-0.005,0.284],"Head":[0.226,1.498,-0.191,0.632,-0.096,-0.769,0.209,0.977,0.049,0.746,-0.192,0.637],"Torso":[0.221,0.012,-0.041,0.39,0.053,-0.919,0.029,0.997,0.07,0.92,-0.054,0.387],"HumanoidRootPart":[0,0,0,1,0,0,0,1,0,0,0,1],"Right Arm":[1.115,0.382,1.568,-0.452,-0.842,0.297,-0.033,-0.316,-0.948,0.892,-0.438,0.115],"Left Arm":[0.935,0.292,-1.549,0.191,-0.792,0.58,-0.252,-0.611,-0.75,0.949,-0.003,-0.317],"Handle":[0.394,1.729,-0.398,0.632,-0.096,-0.769,0.209,0.977,0.049,0.746,-0.192,0.637],"ClickHitboxPart":[0,-0.5,0,1,0,0,0,1,0,0,0,1]},"t":4.827},{"parts":{"Left Leg":[0.131,-1.994,-0.454,0.279,0.163,-0.946,0.068,0.98,0.189,0.958,-0.117,0.263],"Right Leg":[0.76,-1.774,0.604,0.144,-0.422,-0.895,0.142,0.904,-0.403,0.979,-0.07,0.19],"Head":[0.201,1.461,-0.183,0.642,-0.083,-0.762,0.186,0.981,0.05,0.743,-0.174,0.646],"Torso":[0.188,-0.026,-0.042,0.405,0.054,-0.913,0.028,0.997,0.071,0.914,-0.055,0.402],"HumanoidRootPart":[0,0,0,1,0,0,0,1,0,0,0,1],"Right Arm":[1.035,0.299,1.44,-0.292,-0.675,0.677,0.012,-0.711,-0.703,0.956,-0.197,0.216],"Left Arm":[0.69,0.273,-1.579,0.305,-0.703,0.643,-0.25,-0.711,-0.658,0.919,0.04,-0.392],"Handle":[0.37,1.694,-0.388,0.642,-0.083,-0.762,0.186,0.981,0.05,0.743,-0.174,0.646],"ClickHitboxPart":[0,-0.5,0,1,0,0,0,1,0,0,0,1]},"t":4.933},{"parts":{"Left Leg":[0.136,-1.995,-0.457,0.226,0.17,-0.959,0.081,0.978,0.193,0.971,-0.121,0.207],"Right Leg":[0.463,-1.918,0.601,0.124,0.3,-0.946,0.092,0.946,0.312,0.988,-0.126,0.09],"Head":[0.144,1.302,-0.132,0.678,0.045,-0.734,0.001,0.998,0.062,0.735,-0.043,0.677],"Torso":[0.066,-0.194,-0.048,0.6,0.056,-0.798,0.017,0.996,0.082,0.8,-0.063,0.597],"HumanoidRootPart":[0,0,0,1,0,0,0,1,0,0,0,1],"Right Arm":[1.404,-0.109,1.003,0.011,-0.553,0.833,0.107,-0.828,-0.55,0.994,0.095,0.05],"Left Arm":[-0.602,-0.105,-1.476,0.952,-0.11,0.287,-0.045,-0.974,-0.223,0.304,0.2,-0.932],"Handle":[0.339,1.536,-0.312,0.678,0.045,-0.734,0.001,0.998,0.062,0.735,-0.043,0.677],"ClickHitboxPart":[0,-0.5,0,1,0,0,0,1,0,0,0,1]},"t":5.041},{"parts":{"Left Leg":[0.421,-1.681,-0.552,0.185,-0.236,-0.954,0.106,0.97,-0.219,0.977,-0.061,0.204],"Right Leg":[0.498,-1.95,0.59,0.121,0.398,-0.909,0.103,0.906,0.41,0.987,-0.144,0.069],"Head":[0.083,1.323,-0.15,0.498,0.019,-0.867,0.03,0.999,0.04,0.867,-0.046,0.497],"Torso":[0.041,-0.174,-0.055,0.781,0.033,-0.624,0.019,0.997,0.076,0.624,-0.071,0.778],"HumanoidRootPart":[0,0,0,1,0,0,0,1,0,0,0,1],"Right Arm":[1.621,-0.024,0.65,0.204,-0.584,0.786,0.06,-0.794,-0.605,0.977,0.17,-0.127],"Left Arm":[-1.024,-0.192,-1.377,0.999,0.036,0.01,0.037,-0.867,-0.497,-0.009,0.497,-0.868],"Handle":[0.305,1.562,-0.285,0.498,0.019,-0.867,0.03,0.999,0.04,0.867,-0.046,0.497],"ClickHitboxPart":[0,-0.5,0,1,0,0,0,1,0,0,0,1]},"t":5.145},{"parts":{"Left Leg":[0.638,-1.624,-0.64,0.165,-0.854,-0.494,0.192,0.519,-0.833,0.967,0.043,0.249],"Right Leg":[0.482,-1.944,0.587,0.12,0.376,-0.919,0.11,0.915,0.389,0.987,-0.148,0.068],"Head":[0.028,1.392,-0.158,0.344,-0.015,-0.939,0.054,0.999,0.003,0.938,-0.052,0.344],"Torso":[0.024,-0.105,-0.058,0.84,0.011,-0.543,0.031,0.997,0.069,0.542,-0.074,0.837],"HumanoidRootPart":[0,0,0,1,0,0,0,1,0,0,0,1],"Right Arm":[1.662,0.182,0.536,0.23,-0.648,0.727,0.012,-0.745,-0.667,0.973,0.162,-0.163],"Left Arm":[-1.137,-0.209,-1.425,0.999,0.027,-0.039,-0.011,-0.664,-0.748,-0.046,0.748,-0.663],"Handle":[0.259,1.641,-0.257,0.344,-0.015,-0.939,0.054,0.999,0.003,0.938,-0.052,0.344],"ClickHitboxPart":[0,-0.5,0,1,0,0,0,1,0,0,0,1]},"t":5.249},{"parts":{"Left Leg":[0.547,-1.698,-0.653,0.153,-0.647,-0.747,0.099,0.762,-0.64,0.983,0.024,0.181],"Right Leg":[0.459,-1.935,0.591,0.12,0.343,-0.932,0.108,0.928,0.356,0.987,-0.143,0.075],"Head":[0.028,1.429,-0.158,0.344,-0.015,-0.939,0.054,0.999,0.003,0.938,-0.052,0.344],"Torso":[0.024,-0.068,-0.058,0.84,0.011,-0.543,0.031,0.997,0.069,0.542,-0.074,0.837],"HumanoidRootPart":[0,0,0,1,0,0,0,1,0,0,0,1],"Right Arm":[1.599,0.246,0.542,0.229,-0.645,0.729,0.013,-0.747,-0.665,0.973,0.162,-0.163],"Left Arm":[-1.075,-0.156,-1.489,0.994,-0.093,0.053,-0.025,-0.683,-0.73,0.104,0.724,-0.682],"Handle":[0.259,1.677,-0.257,0.344,-0.015,-0.939,0.054,0.999,0.003,0.938,-0.052,0.344],"ClickHitboxPart":[0,-0.5,0,1,0,0,0,1,0,0,0,1]},"t":5.357},{"parts":{"Left Leg":[0.33,-1.823,-0.535,0.099,-0.145,-0.984,-0.039,0.988,-0.149,0.994,0.053,0.092],"Right Leg":[0.444,-1.925,0.62,0.13,0.321,-0.938,0.062,0.942,0.331,0.99,-0.101,0.102],"Head":[0.067,1.374,-0.152,0.317,0.004,-0.949,0.045,0.999,0.019,0.947,-0.049,0.316],"Torso":[0.037,-0.122,-0.056,0.663,0.028,-0.748,0.036,0.997,0.069,0.747,-0.072,0.66],"HumanoidRootPart":[0,0,0,1,0,0,0,1,0,0,0,1],"Right Arm":[1.417,0.116,0.909,0.018,-0.603,0.797,0.057,-0.796,-0.603,0.998,0.056,0.02],"Left Arm":[-0.7,-0.133,-1.607,0.951,-0.176,0.255,-0.019,-0.855,-0.519,0.309,0.488,-0.816],"Handle":[0.305,1.619,-0.243,0.317,0.004,-0.949,0.045,0.999,0.019,0.947,-0.049,0.316],"ClickHitboxPart":[0,-0.5,0,1,0,0,0,1,0,0,0,1]},"t":5.465},{"parts":{"Left Leg":[0.193,-1.897,-0.452,0.001,0.046,-0.999,0.024,0.999,0.046,1,-0.024,-0.001],"Right Leg":[0.326,-1.87,0.638,0.126,0.077,-0.989,0.064,0.994,0.085,0.99,-0.074,0.12],"Head":[0.147,1.3,-0.111,0.186,0.047,-0.981,0.032,0.998,0.053,0.982,-0.041,0.184],"Torso":[0.065,-0.196,-0.039,0.12,0.059,-0.991,0.044,0.997,0.065,0.992,-0.052,0.117],"HumanoidRootPart":[0,0,0,1,0,0,0,1,0,0,0,1],"Right Arm":[0.708,-0.057,1.537,-0.496,-0.507,0.705,0.121,-0.845,-0.522,0.86,-0.174,0.48],"Left Arm":[0.172,-0.166,-1.635,0.691,-0.171,0.702,0.015,-0.968,-0.251,0.723,0.184,-0.666],"Handle":[0.404,1.536,-0.168,0.186,0.047,-0.981,0.032,0.998,0.053,0.982,-0.041,0.184],"ClickHitboxPart":[0,-0.5,0,1,0,0,0,1,0,0,0,1]},"t":5.571},{"parts":{"Left Leg":[0.218,-1.899,-0.474,-0.005,0.08,-0.997,0.055,0.995,0.08,0.998,-0.054,-0.01],"Right Leg":[0.939,-1.618,0.654,0.033,-0.476,-0.879,0.077,0.878,-0.473,0.996,-0.052,0.066],"Head":[0.168,1.398,-0.157,0.131,0.052,-0.99,0.213,0.974,0.08,0.968,-0.222,0.117],"Torso":[0.093,-0.087,-0.019,-0.039,0.049,-0.998,0.028,0.998,0.048,0.999,-0.027,-0.04],"HumanoidRootPart":[0,0,0,1,0,0,0,1,0,0,0,1],"Right Arm":[0.369,0.278,1.64,-0.774,-0.398,0.492,0.064,-0.822,-0.565,0.629,-0.406,0.662],"Left Arm":[0.929,0.035,-1.592,0.186,-0.866,0.465,-0.24,-0.499,-0.833,0.953,0.043,-0.301],"Handle":[0.428,1.622,-0.241,0.131,0.052,-0.99,0.213,0.974,0.08,0.968,-0.222,0.117],"ClickHitboxPart":[0,-0.5,0,1,0,0,0,1,0,0,0,1]},"t":5.676},{"parts":{"Left Leg":[0.209,-1.899,-0.475,-0.006,0.067,-0.998,0.056,0.996,0.067,0.998,-0.056,-0.01],"Right Leg":[1.088,-1.62,0.667,-0.005,-0.628,-0.778,0.04,0.778,-0.628,0.999,-0.034,0.022],"Head":[0.148,1.425,-0.155,0.128,0.042,-0.991,0.258,0.963,0.074,0.958,-0.266,0.112],"Torso":[0.092,-0.056,-0.009,-0.046,0.035,-0.998,0.015,0.999,0.034,0.999,-0.014,-0.047],"HumanoidRootPart":[0,0,0,1,0,0,0,1,0,0,0,1],"Right Arm":[0.305,0.357,1.649,-0.811,-0.366,0.456,0.042,-0.815,-0.578,0.583,-0.449,0.676],"Left Arm":[0.981,0.04,-1.556,0.054,-0.951,0.303,-0.251,-0.307,-0.918,0.966,-0.027,-0.256],"Handle":[0.406,1.647,-0.25,0.128,0.042,-0.991,0.258,0.963,0.074,0.958,-0.266,0.112],"ClickHitboxPart":[0,-0.5,0,1,0,0,0,1,0,0,0,1]},"t":5.781},{"parts":{"Left Leg":[0.217,-1.899,-0.474,-0.006,0.08,-0.997,0.055,0.995,0.079,0.998,-0.054,-0.01],"Right Leg":[0.97,-1.671,0.668,-0.005,-0.315,-0.949,0.034,0.948,-0.315,0.999,-0.034,0.005],"Head":[0.111,1.424,-0.183,0.123,0.027,-0.992,0.272,0.96,0.06,0.954,-0.277,0.111],"Torso":[0.079,-0.056,-0.019,-0.047,0.019,-0.999,0.027,0.999,0.017,0.999,-0.026,-0.047],"HumanoidRootPart":[0,0,0,1,0,0,0,1,0,0,0,1],"Right Arm":[0.291,0.361,1.634,-0.781,-0.375,0.499,0.046,-0.832,-0.552,0.623,-0.408,0.668],"Left Arm":[0.927,0.033,-1.57,0.069,-0.93,0.361,-0.236,-0.367,-0.9,0.969,-0.024,-0.244],"Handle":[0.365,1.649,-0.28,0.123,0.027,-0.992,0.272,0.96,0.06,0.954,-0.277,0.111],"ClickHitboxPart":[0,-0.5,0,1,0,0,0,1,0,0,0,1]},"t":5.886},{"parts":{"Left Leg":[0.253,-1.902,-0.445,0.002,0.131,-0.991,0.013,0.991,0.131,1,-0.014,0.001],"Right Leg":[0.558,-1.819,0.67,-0.005,0.17,-0.985,0.031,0.985,0.17,1,-0.03,-0.01],"Head":[0.018,1.352,-0.255,0.468,-0.016,-0.884,0.202,0.975,0.089,0.861,-0.22,0.459],"Torso":[0.047,-0.132,-0.063,0.025,-0.021,-0.999,0.082,0.996,-0.019,0.996,-0.082,0.027],"HumanoidRootPart":[0,0,0,1,0,0,0,1,0,0,0,1],"Right Arm":[0.388,0.527,1.557,-0.66,-0.374,0.652,0.005,-0.87,-0.493,0.751,-0.322,0.576],"Left Arm":[0.675,0.123,-1.647,0.352,-0.787,0.507,-0.277,-0.604,-0.747,0.894,0.122,-0.431],"Handle":[0.235,1.574,-0.424,0.468,-0.016,-0.884,0.202,0.975,0.089,0.861,-0.22,0.459],"ClickHitboxPart":[0,-0.5,0,1,0,0,0,1,0,0,0,1]},"t":5.99},{"parts":{"Left Leg":[-0.017,-1.919,-0.452,0.538,0.049,-0.842,0.036,0.996,0.081,0.842,-0.074,0.534],"Right Leg":[0.24,-1.915,0.615,0.63,0.065,-0.774,-0.032,0.998,0.057,0.776,-0.012,0.631],"Head":[-0.053,1.48,-0.225,0.897,-0.033,-0.441,0.096,0.98