{"interval":0.1,"frames":[{"parts":{"Left Leg":[-0.5,-2.002,0,1,0,0,0,1,0,0,0,1],"Right Leg":[0.5,-2.007,0,1,0,0,0,1,0,0,0,1],"Head":[0,1.474,-0.002,1,0,0.004,0,1,0.004,-0.004,-0.004,1],"Torso":[0,-0.026,0,1,0,0,0,1,0,0,0,1],"HumanoidRootPart":[0,0,0,1,0,0,0,1,0,0,0,1],"Right Arm":[1.5,-0.035,-0.01,1,0,0.012,0,1,-0.009,-0.012,0.009,1],"Left Arm":[-1.501,-0.056,-0.016,1,0.003,-0.025,-0.003,1,-0.006,0.025,0.006,1],"Handle":[-0.001,1.723,-0.252,1,0,0.004,0,1,0.004,-0.004,-0.004,1],"ClickHitboxPart":[0,-0.5,0,1,0,0,0,1,0,0,0,1]},"t":0.001},{"parts":{"Left Leg":[-0.5,-2.001,0,1,0,0,0,1,0,0,0,1],"Right Leg":[0.5,-2.004,0,1,0,0,0,1,0,0,0,1],"Head":[0,1.485,-0.002,1,0,0.004,0,1,0.005,-0.004,-0.005,1],"Torso":[0,-0.015,0,1,0,0,0,1,0,0,0,1],"HumanoidRootPart":[0,0,0,1,0,0,0,1,0,0,0,1],"Right Arm":[1.5,-0.022,-0.008,1,0,0.009,0,1,-0.007,-0.009,0.007,1],"Left Arm":[-1.501,-0.042,-0.015,1,0.001,-0.024,-0.002,1,-0.006,0.024,0.006,1],"Handle":[-0.001,1.734,-0.253,1,0,0.004,0,1,0.005,-0.004,-0.005,1],"ClickHitboxPart":[0,-0.5,0,1,0,0,0,1,0,0,0,1]},"t":0.108},{"parts":{"Left Leg":[-0.5,-2,0,1,0,0,0,1,0,0,0,1],"Right Leg":[0.5,-2.001,0,1,0,0,0,1,0,0,0,1],"Head":[0,1.496,-0.002,1,0,0.002,0,1,0.003,-0.002,-0.003,1],"Torso":[0,-0.004,0,1,0,0,0,1,0,0,0,1],"HumanoidRootPart":[0,0,0,1,0,0,0,1,0,0,0,1],"Right Arm":[1.5,-0.008,-0.003,1,0,0.004,0,1,-0.003,-0.004,0.003,1],"Left Arm":[-1.5,-0.021,-0.01,1,0.001,-0.017,-0.001,1,-0.004,0.017,0.004,1],"Handle":[0,1.745,-0.252,1,0,0.002,0,1,0.003,-0.002,-0.003,1],"ClickHitboxPart":[0,-0.5,0,1,0,0,0,1,0,0,0,1]},"t":0.221},{"parts":{"Left Leg":[-0.5,-2,0,1,0,0,0,1,0,0,0,1],"Right Leg":[0.5,-2,0,1,0,0,0,1,0,0,0,1],"Head":[0,1.5,0,1,0,0,0,1,0,0,0,1],"Torso":[0,0,0,1,0,0,0,1,0,0,0,1],"HumanoidRootPart":[0,0,0,1,0,0,0,1,0,0,0,1],"Right Arm":[1.501,0.001,0.001,1,-0.001,0,0.001,1,0.001,0,-0.001,1],"Left Arm":[-1.5,-0.002,-0.004,1,0,-0.007,0,1,-0.001,0.007,0.001,1],"Handle":[0,1.75,-0.25,1,0,0,0,1,0,0,0,1],"ClickHitboxPart":[0,-0.5,0,1,0,0,0,1,0,0,0,1]},"t":0.339},{"parts":{"Left Leg":[-0.5,-2,0,1,0,0,0,1,0,0,0,1],"Right Leg":[0.5,-2.001,0,1,0,0,0,1,0,0,0,1],"Head":[0,1.498,0.001,1,0,0,0,1,-0.003,0,0.003,1],"Torso":[0,-0.002,0,1,0,0,0,1,0,0,0,1],"HumanoidRootPart":[0,0,0,1,0,0,0,1,0,0,0,1],"Right Arm":[1.502,0.004,0.004,1,-0.004,-0.004,0.004,1,0.004,0.004,-0.004,1],"Left Arm":[-1.501,0.007,0,1,0.001,-0.001,-0.001,1,0.001,0.001,-0.001,1],"Handle":[0,1.749,-0.248,1,0,0,0,1,-0.003,0,0.003,1],"ClickHitboxPart":[0,-0.5,0,1,0,0,0,1,0,0,0,1]},"t":0.445},{"parts":{"Left Leg":[-0.5,-2.001,0,1,0,0,0,1,0,0,0,1],"Right Leg":[0.5,-2.003,0,1,0,0,0,1,0,0,0,1],"Head":[0,1.489,0.003,1,0,-0.001,0,1,-0.006,0.001,0.006,1],"Torso":[0,-0.011,0,1,0,0,0,1,0,0,0,1],"HumanoidRootPart":[0,0,0,1,0,0,0,1,0,0,0,1],"Right Arm":[1.505,0.002,0.008,1,-0.009,-0.01,0.009,1,0.005,0.01,-0.005,1],"Left Arm":[-1.502,0.007,0.004,1,0.005,0.004,-0.005,1,0.004,-0.004,-0.004,1],"Handle":[0,1.741,-0.245,1,0,-0.001,0,1,-0.006,0.001,0.006,1],"ClickHitboxPart":[0,-0.5,0,1,0,0,0,1,0,0,0,1]},"t":0.554},{"parts":{"Left Leg":[-0.5,-2.002,0,1,0,0,0,1,0,0,0,1],"Right Leg":[0.5,-2.006,0,1,0,0,0,1,0,0,0,1],"Head":[0,1.477,0.004,1,0,-0.002,0,1,-0.008,0.002,0.008,1],"Torso":[0,-0.023,0,1,0,0,0,1,0,0,0,1],"HumanoidRootPart":[0,0,0,1,0,0,0,1,0,0,0,1],"Right Arm":[1.504,-0.013,0.005,1,-0.009,-0.006,0.009,1,0.003,0.006,-0.003,1],"Left Arm":[-1.503,-0.007,0.003,1,0.006,0.003,-0.006,1,0.004,-0.002,-0.004,1],"Handle":[0,1.729,-0.244,1,0,-0.002,0,1,-0.008,0.002,0.008,1],"ClickHitboxPart":[0,-0.5,0,1,0,0,0,1,0,0,0,1]},"t":0.657},{"parts":{"Left Leg":[-0.5,-2.002,0,1,0,0,0,1,0,0,0,1],"Right Leg":[0.5,-2.008,0,1,0,0,0,1,0,0,0,1],"Head":[0,1.468,0.003,1,0,-0.001,0,1,-0.006,0.001,0.006,1],"Torso":[0,-0.032,0,1,0,0,0,1,0,0,0,1],"HumanoidRootPart":[0,0,0,1,0,0,0,1,0,0,0,1],"Right Arm":[1.503,-0.03,-0.002,1,-0.006,0.002,0.006,1,-0.003,-0.002,0.003,1],"Left Arm":[-1.503,-0.029,-0.002,1,0.005,-0.005,-0.005,1,0.001,0.005,-0.001,1],"Handle":[0,1.72,-0.246,1,0,-0.001,0,1,-0.006,0.001,0.006,1],"ClickHitboxPart":[0,-0.5,0,1,0,0,0,1,0,0,0,1]},"t":0.76},{"parts":{"Left Leg":[-0.5,-2.003,0,1,0,0,0,1,0,0,0,1],"Right Leg":[0.5,-2.009,0,1,0,0,0,1,0,0,0,1],"Head":[0,1.466,0.001,1,0,0.001,0,1,-0.002,-0.001,0.002,1],"Torso":[0,-0.034,0,1,0,0,0,1,0,0,0,1],"HumanoidRootPart":[0,0,0,1,0,0,0,1,0,0,0,1],"Right Arm":[1.501,-0.039,-0.008,1,-0.002,0.009,0.002,1,-0.007,-0.009,0.007,1],"Left Arm":[-1.502,-0.048,-0.009,1,0.004,-0.016,-0.005,1,-0.003,0.016,0.003,1],"Handle":[0,1.716,-0.249,1,0,0.001,0,1,-0.002,-0.001,0.002,1],"ClickHitboxPart":[0,-0.5,0,1,0,0,0,1,0,0,0,1]},"t":0.867},{"parts":{"Left Leg":[-0.796,-1.771,0.027,0.919,0.387,0.07,-0.358,0.748,0.559,0.164,-0.539,0.826],"Right Leg":[0.504,-1.947,-0.047,0.998,0.011,0.068,-0.013,0.999,0.033,-0.067,-0.033,0.997],"Head":[0.11,1.492,-0.359,0.984,0.169,0.059,-0.173,0.982,0.077,-0.045,-0.086,0.995],"Torso":[0.027,0.016,-0.086,0.999,-0.001,0.032,-0.006,0.974,0.227,-0.031,-0.227,0.973],"HumanoidRootPart":[0,0,0,1,0,0,0,1,0,0,0,1],"Right Arm":[1.587,0.078,-0.488,0.986,-0.144,-0.088,0.027,0.648,-0.761,0.167,0.748,0.643],"Left Arm":[-0.934,0.198,-0.681,-0.064,-0.872,0.486,0.515,0.389,0.764,-0.855,0.299,0.424],"Handle":[0.138,1.718,-0.629,0.984,0.169,0.059,-0.173,0.982,0.077,-0.045,-0.086,0.995],"ClickHitboxPart":[0,-0.5,0,1,0,0,0,1,0,0,0,1]},"t":0.976},{"parts":{"Left Leg":[-1.161,-1.543,-0.113,0.705,0.505,0.498,-0.546,0.835,-0.073,-0.452,-0.22,0.864],"Right Leg":[1.026,-1.999,-0.265,0.965,-0.064,-0.255,0.17,0.891,0.42,0.201,-0.449,0.871],"Head":[0.577,1.364,-0.369,0.955,0.296,0.024,-0.297,0.955,0.007,-0.021,-0.014,1],"Torso":[0.288,-0.093,-0.129,0.974,0.139,0.181,-0.175,0.963,0.203,-0.147,-0.23,0.962],"HumanoidRootPart":[0,0,0,1,0,0,0,1,0,0,0,1],"Right Arm":[1.822,-0.346,-0.038,0,-0.305,-0.952,-0.348,0.893,-0.286,0.938,0.331,-0.106],"Left Arm":[-1.253,0.465,-1.118,-0.794,0.191,0.577,0.586,-0.013,0.81,0.162,0.982,-0.101],"Handle":[0.645,1.601,-0.622,0.955,0.296,0.024,-0.297,0.955,0.007,-0.021,-0.014,1],"ClickHitboxPart":[0,-0.5,0,1,0,0,0,1,0,0,0,1]},"t":1.081},{"parts":{"Left Leg":[-1.048,-1.737,-0.091,0.725,0.484,0.49,-0.432,0.874,-0.225,-0.537,-0.049,0.842],"Right Leg":[1.273,-2.16,-0.09,0.912,-0.179,-0.369,0.367,0.759,0.538,0.184,-0.627,0.757],"Head":[0.835,1.141,-0.349,0.954,0.301,0.002,-0.301,0.953,0.032,0.008,-0.032,0.999],"Torso":[0.448,-0.307,-0.149,0.938,0.232,0.256,-0.269,0.956,0.12,-0.217,-0.181,0.959],"HumanoidRootPart":[0,0,0,1,0,0,0,1,0,0,0,1],"Right Arm":[2.098,-0.682,-0.415,0.152,-0.555,-0.818,-0.75,0.475,-0.461,0.644,0.683,-0.344],"Left Arm":[-1.408,0.719,-0.123,-0.085,0.967,0.241,0,-0.242,0.97,0.996,0.083,0.021],"Handle":[0.91,1.372,-0.606,0.954,0.301,0.002,-0.301,0.953,0.032,0.008,-0.032,0.999],"ClickHitboxPart":[0,-0.5,0,1,0,0,0,1,0,0,0,1]},"t":1.183},{"parts":{"Left Leg":[-0.728,-1.845,-0.064,0.972,-0.015,0.234,0.01,1,0.02,-0.234,-0.017,0.972],"Right Leg":[0.904,-1.702,-0.307,0.949,-0.162,-0.269,0.247,0.915,0.32,0.194,-0.37,0.908],"Head":[0.493,1.415,-0.488,0.954,0.301,0.009,-0.299,0.945,0.131,0.031,-0.128,0.991],"Torso":[0.148,-0.028,-0.19,0.976,0.191,0.106,-0.21,0.954,0.214,-0.06,-0.231,0.971],"HumanoidRootPart":[0,0,0,1,0,0,0,1,0,0,0,1],"Right Arm":[1.798,0.031,-0.688,0.572,-0.453,-0.684,-0.819,-0.361,-0.446,-0.045,0.815,-0.578],"Left Arm":[-1.673,0.873,-0.279,0.179,0.98,0.082,-0.557,0.033,0.83,0.811,-0.194,0.552],"Handle":[0.566,1.618,-0.768,0.954,0.301,0.009,-0.299,0.945,0.131,0.031,-0.128,0.991],"ClickHitboxPart":[0,-0.5,0,1,0,0,0,1,0,0,0,1]},"t":1.291},{"parts":{"Left Leg":[-0.567,-2.007,-0.123,0.972,-0.036,0.232,0.016,0.996,0.089,-0.234,-0.083,0.969],"Right Leg":[0.605,-1.508,-0.097,0.978,0.104,-0.181,0.096,0.55,0.83,0.186,-0.829,0.527],"Head":[0.102,1.502,-0.502,0.989,0.146,-0.017,-0.142,0.981,0.134,0.036,-0.13,0.991],"Torso":[-0.027,0.026,-0.196,0.998,0.055,0.028,-0.06,0.97,0.236,-0.014,-0.238,0.971],"HumanoidRootPart":[0,0,0,1,0,0,0,1,0,0,0,1],"Right Arm":[1.409,0.69,-0.693,0.988,0.091,0.125,0.154,-0.521,-0.84,-0.011,0.849,-0.528],"Left Arm":[-1.85,0.541,-0.185,0.484,0.875,0.007,-0.874,0.483,0.052,0.042,-0.032,0.999],"Handle":[0.143,1.714,-0.782,0.989,0.146,-0.017,-0.142,0.981,0.134,0.036,-0.13,0.991],"ClickHitboxPart":[0,-0.5,0,1,0,0,0,1,0,0,0,1]},"t":1.394},{"parts":{"Left Leg":[-0.861,-1.977,-0.299,0.969,0.226,-0.096,-0.187,0.933,0.309,0.16,-0.281,0.946],"Right Leg":[0.63,-1.384,-0.189,0.847,-0.079,-0.525,0.486,0.514,0.706,0.214,-0.854,0.474],"Head":[-0.605,1.237,-0.621,0.985,-0.166,-0.054,0.172,0.977,0.123,0.033,-0.13,0.991],"Torso":[-0.353,-0.207,-0.248,0.977,-0.167,-0.134,0.199,0.939,0.282,0.079,-0.302,0.95],"HumanoidRootPart":[0,0,0,1,0,0,0,1,0,0,0,1],"Right Arm":[0.957,0.861,-0.751,0.303,0.137,0.943,0.952,-0.003,-0.305,-0.039,0.991,-0.131],"Left Arm":[-2.013,-0.39,-0.502,0.925,0.379,0.003,-0.318,0.78,-0.538,-0.206,0.497,0.843],"Handle":[-0.633,1.45,-0.901,0.985,-0.166,-0.054,0.172,0.977,0.123,0.033,-0.13,0.991],"ClickHitboxPart":[0,-0.5,0,1,0,0,0,1,0,0,0,1]},"t":1.499},{"parts":{"Left Leg":[-1.016,-2.15,-0.346,0.891,0.413,-0.191,-0.299,0.848,0.437,0.342,-0.332,0.879],"Right Leg":[0.998,-1.478,-0.04,0.47,-0.544,-0.695,0.486,0.817,-0.311,0.736,-0.191,0.649],"Head":[-1.071,1.198,-0.463,0.948,-0.309,-0.072,0.316,0.942,0.114,0.033,-0.13,0.991],"Torso":[-0.597,-0.213,-0.178,0.905,-0.315,-0.287,0.361,0.924,0.125,0.226,-0.216,0.95],"HumanoidRootPart":[0,0,0,1,0,0,0,1,0,0,0,1],"Right Arm":[0.971,0.719,0.256,0.216,-0.946,0.241,-0.019,0.243,0.97,-0.976,-0.214,0.035],"Left Arm":[-1.949,-0.903,-0.444,0.966,-0.215,0.14,0.233,0.965,-0.123,-0.109,0.151,0.982],"Handle":[-1.13,1.405,-0.743,0.948,-0.309,-0.072,0.316,0.942,0.114,0.033,-0.13,0.991],"ClickHitboxPart":[0,-0.5,0,1,0,0,0,1,0,0,0,1]},"t":1.603},{"parts":{"Left Leg":[-1.068,-1.905,-0.428,0.966,0.256,0.018,-0.257,0.965,0.045,-0.006,-0.048,0.999],"Right Leg":[0.879,-1.792,0.014,0.629,-0.169,-0.759,0.162,0.983,-0.085,0.761,-0.07,0.645],"Head":[-0.758,1.38,-0.235,0.975,-0.212,-0.063,0.218,0.969,0.12,0.035,-0.131,0.991],"Torso":[-0.384,-0.081,-0.076,0.908,-0.264,-0.326,0.279,0.96,0.001,0.312,-0.092,0.946],"HumanoidRootPart":[0,0,0,1,0,0,0,1,0,0,0,1],"Right Arm":[1.269,1.027,0.571,-0.039,-0.991,-0.126,0.999,-0.04,0.007,-0.012,-0.126,0.992],"Left Arm":[-1.725,-0.647,-0.203,0.954,-0.213,0.212,0.179,0.97,0.167,-0.241,-0.122,0.963],"Handle":[-0.795,1.592,-0.515,0.975,-0.212,-0.063,0.218,0.969,0.12,0.035,-0.131,0.991],"ClickHitboxPart":[0,-0.5,0,1,0,0,0,1,0,0,0,1]},"t":1.706},{"parts":{"Left Leg":[-0.842,-2.01,-0.53,0.996,0.07,0.048,-0.076,0.989,0.127,-0.039,-0.13,0.991],"Right Leg":[0.521,-2.025,-0.097,0.943,-0.071,-0.324,0.127,0.98,0.155,0.307,-0.187,0.933],"Head":[-0.266,1.465,-0.425,0.999,-0.032,-0.03,0.035,0.991,0.129,0.025,-0.13,0.991],"Torso":[-0.147,-0.022,-0.161,0.985,-0.102,-0.136,0.126,0.975,0.181,0.115,-0.196,0.974],"HumanoidRootPart":[0,0,0,1,0,0,0,1,0,0,0,1],"Right Arm":[1.487,0.711,0.15,0.586,-0.51,0.63,-0.116,-0.822,-0.557,0.802,0.254,-0.541],"Left Arm":[-1.718,-0.184,-0.085,0.889,0.287,0.356,-0.3,0.954,-0.021,-0.345,-0.088,0.934],"Handle":[-0.267,1.681,-0.705,0.999,-0.032,-0.03,0.035,0.991,0.129,0.025,-0.13,0.991],"ClickHitboxPart":[0,-0.5,0,1,0,0,0,1,0,0,0,1]},"t":1.816},{"parts":{"Left Leg":[-0.824,-1.987,-0.416,0.988,0.09,0.127,-0.09,0.996,-0.006,-0.127,-0.005,0.992],"Right Leg":[0.659,-1.968,-0.153,0.919,0.025,-0.394,0.029,0.991,0.131,0.393,-0.132,0.91],"Head":[-0.101,1.337,-0.581,0.999,-0.033,-0.014,0.034,0.991,0.13,0.01,-0.13,0.991],"Torso":[-0.038,-0.133,-0.231,0.998,-0.046,0.034,0.035,0.959,0.282,-0.045,-0.28,0.959],"HumanoidRootPart":[0,0,0,1,0,0,0,1,0,0,0,1],"Right Arm":[1.576,0.681,-0.601,0.978,-0.134,0.158,-0.011,-0.794,-0.607,0.207,0.592,-0.779],"Left Arm":[-1.604,-0.153,0.038,0.266,0.949,0.167,0.47,0.023,-0.882,-0.841,0.313,-0.44],"Handle":[-0.106,1.553,-0.861,0.999,-0.033,-0.014,0.034,0.991,0.13,0.01,-0.13,0.991],"ClickHitboxPart":[0,-0.5,0,1,0,0,0,1,0,0,0,1]},"t":1.925},{"parts":{"Left Leg":[-0.986,-1.887,-0.253,0.876,0.147,0.46,-0.047,0.974,-0.221,-0.481,0.172,0.86],"Right Leg":[0.922,-1.784,-0.372,0.685,-0.135,-0.716,0.014,0.985,-0.173,0.729,0.108,0.676],"Head":[0.08,1.583,-0.254,0.999,-0.033,-0.004,0.034,0.991,0.13,-0.001,-0.13,0.992],"Torso":[0.043,0.078,-0.085,0.998,0.053,0.044,-0.057,0.993,0.101,-0.038,-0.103,0.994],"HumanoidRootPart":[0,0,0,1,0,0,0,1,0,0,0,1],"Right Arm":[1.341,0.66,-0.675,0.33,0.76,0.56,0.758,0.14,-0.637,-0.562,0.635,-0.53],"Left Arm":[-0.867,0.751,-0.791,0.431,-0.769,-0.473,-0.704,0.041,-0.709,0.564,0.638,-0.524],"Handle":[0.073,1.799,-0.534,0.999,-0.033,-0.004,0.034,0.991,0.13,-0.001,-0.13,0.992],"ClickHitboxPart":[0,-0.5,0,1,0,0,0,1,0,0,0,1]},"t":2.03},{"parts":{"Left Leg":[-1.157,-1.978,-0.316,0.865,0.37,0.338,-0.316,0.926,-0.206,-0.39,0.072,0.918],"Right Leg":[1.045,-2.013,-0.394,0.648,-0.333,-0.684,0.137,0.935,-0.326,0.749,0.118,0.652],"Head":[0,1.524,-0.46,0.999,-0.034,0.003,0.033,0.991,0.13,-0.007,-0.13,0.991],"Torso":[0.008,0.036,-0.177,1,0.009,0.008,-0.011,0.977,0.215,-0.006,-0.215,0.977],"HumanoidRootPart":[0,0,0,1,0,0,0,1,0,0,0,1],"Right Arm":[1.776,0.853,-0.264,0.281,-0.724,0.63,0.841,-0.13,-0.525,0.462,0.678,0.572],"Left Arm":[-1.814,0.982,-0.431,0.631,0.505,-0.589,-0.634,-0.101,-0.766,-0.446,0.858,0.257],"Handle":[-0.009,1.739,-0.74,0.999,-0.034,0.003,0.033,0.991,0.13,-0.007,-0.13,0.991],"ClickHitboxPart":[0,-0.5,0,1,0,0,0,1,0,0,0,1]},"t":2.145},{"parts":{"Left Leg":[-1.02,-2.038,-0.224,0.944,0.27,-0.189,-0.257,0.962,0.089,0.205,-0.035,0.978],"Right Leg":[0.844,-2.041,-0.284,0.958,-0.272,0.092,0.263,0.96,0.1,-0.115,-0.072,0.991],"Head":[-0.042,1.278,-0.69,0.999,-0.034,0.006,0.033,0.991,0.13,-0.01,-0.13,0.991],"Torso":[-0.044,-0.173,-0.28,1,0.019,0.013,-0.023,0.94,0.34,-0.006,-0.34,0.94],"HumanoidRootPart":[0,0,0,1,0,0,0,1,0,0,0,1],"Right Arm":[1.507,0.728,-0.298,0.569,-0.172,0.804,0.471,-0.734,-0.49,0.674,0.658,-0.337],"Left Arm":[-1.564,0.991,-0.557,0.393,-0.068,-0.917,-0.444,-0.887,-0.125,-0.805,0.456,-0.379],"Handle":[-0.052,1.493,-0.97,0.999,-0.034,0.006,0.033,0.991,0.13,-0.01,-0.13,0.991],"ClickHitboxPart":[0,-0.5,0,1,0,0,0,1,0,0,0,1]},"t":2.253},{"parts":{"Left Leg":[-1.076,-2.023,-0.243,0.973,0.196,-0.125,-0.186,0.978,0.093,0.14,-0.067,0.988],"Right Leg":[0.805,-2.05,-0.25,0.948,-0.304,0.092,0.294,0.95,0.108,-0.121,-0.076,0.99],"Head":[-0.077,1.211,-0.705,0.999,-0.034,0.007,0.033,0.991,0.13,-0.012,-0.13,0.991],"Torso":[-0.095,-0.237,-0.287,0.999,0.035,0.023,-0.041,0.937,0.348,-0.01,-0.348,0.937],"HumanoidRootPart":[0,0,0,1,0,0,0,1,0,0,0,1],"Right Arm":[1.221,0.282,-0.958,0.488,0.504,0.713,0.871,-0.226,-0.437,-0.059,0.834,-0.549],"Left Arm":[-1.254,0.415,-1.224,0.033,-0.572,-0.82,-0.972,-0.21,0.107,-0.233,0.793,-0.563],"Handle":[-0.087,1.426,-0.986,0.999,-0.034,0.007,0.033,0.991,0.13,-0.012,-0.13,0.991],"ClickHitboxPart":[0,-0.5,0,1,0,0,0,1,0,0,0,1]},"t":2.364},{"parts":{"Left Leg":[-0.717,-1.857,-0.168,0.999,0.028,0.019,-0.034,0.906,0.422,-0.005,-0.423,0.906],"Right Leg":[0.533,-1.892,-0.393,0.951,-0.06,-0.305,0.076,0.996,0.039,0.301,-0.06,0.952],"Head":[-0.054,1.341,-0.721,0.999,-0.033,-0.003,0.033,0.994,0.105,0,-0.105,0.994],"Torso":[-0.037,-0.103,-0.299,1,0,0,0,0.932,0.363,0,-0.363,0.932],"HumanoidRootPart":[0,0,0,1,0,0,0,1,0,0,0,1],"Right Arm":[1.602,0.075,-0.885,-0.14,-0.582,0.801,0.533,0.638,0.556,-0.835,0.505,0.22],"Left Arm":[-1.619,0.174,-1.129,-0.436,0.628,-0.644,-0.498,0.427,0.754,0.749,0.65,0.127],"Handle":[-0.061,1.563,-0.995,0.999,-0.033,-0.003,0.033,0.994,0.105,0,-0.105,0.994],"ClickHitboxPart":[0,-0.5,0,1,0,0,0,1,0,0,0,1]},"t":2.478},{"parts":{"Left Leg":[-0.323,-2.144,0.31,0.83,-0.324,0.453,0.011,0.823,0.568,-0.557,-0.467,0.687],"Right Leg":[0.346,-2.043,-0.536,0.881,0.293,-0.373,-0.3,0.953,0.04,0.367,0.076,0.927],"Head":[-0.016,0.977,-1.071,0.999,-0.031,-0.039,0.036,0.99,0.135,0.034,-0.137,0.99],"Torso":[0,-0.37,-0.448,1,0,0,0,0.838,0.545,0,-0.545,0.838],"HumanoidRootPart":[0,0,0,1,0,0,0,1,0,0,0,1],"Right Arm":[1.868,0.079,-0.749,-0.08,-0.997,-0.006,-0.049,-0.002,0.999,-0.996,0.08,-0.048],"Left Arm":[-1.931,0.17,-0.894,-0.219,0.972,0.085,0.051,-0.075,0.996,0.974,0.222,-0.033],"Handle":[-0.014,1.191,-1.352,0.999,-0.031,-0.039,0.036,0.99,0.135,0.034,-0.137,0.99],"ClickHitboxPart":[0,-0.5,0,1,0,0,0,1,0,0,0,1]},"t":2.59},{"parts":{"Left Leg":[-0.569,-1.8,0.309,0.827,-0.183,0.532,-0.192,0.796,0.574,-0.529,-0.576,0.623],"Right Leg":[0.48,-2.02,-0.385,0.979,0.197,-0.055,-0.195,0.98,0.043,0.062,-0.031,0.998],"Head":[-0.017,1.237,-1.038,0.999,-0.033,-0.009,0.034,0.987,0.159,0.003,-0.159,0.987],"Torso":[0,-0.125,-0.428,1,0,0,0,0.854,0.521,0,-0.521,0.854],"HumanoidRootPart":[0,0,0,1,0,0,0,1,0,0,0,1],"Right Arm":[1.395,0.25,-1.079,-0.491,-0.455,0.743,0.647,0.38,0.661,-0.583,0.805,0.108],"Left Arm":[-1.568,0.384,-1.058,-0.525,0.527,-0.668,-0.629,0.288,0.722,0.573,0.799,0.18],"Handle":[-0.023,1.444,-1.324,0.999,-0.033,-0.009,0.034,0.987,0.159,0.003,-0.159,0.987],"ClickHitboxPart":[0,-0.5,0,1,0,0,0,1,0,0,0,1]},"t":2.697},{"parts":{"Left Leg":[-1.009,-1.531,0.176,0.748,0.19,0.636,-0.664,0.239,0.709,-0.017,-0.952,0.305],"Right Leg":[0.556,-2.034,-0.17,0.9,-0.101,0.425,-0.007,0.97,0.244,-0.437,-0.222,0.872],"Head":[-0.017,1.097,-1.082,0.999,-0.034,0.007,0.033,0.991,0.13,-0.012,-0.13,0.991],"Torso":[0,-0.246,-0.455,1,0,0,0,0.833,0.553,0,-0.553,0.833],"HumanoidRootPart":[0,0,0,1,0,0,0,1,0,0,0,1],"Right Arm":[1.21,0.226,-1.111,0.129,0.444,0.887,0.979,0.085,-0.185,-0.158,0.892,-0.423],"Left Arm":[-1.458,0.296,-1.061,0.016,-0.227,-0.974,-0.98,0.19,-0.06,0.198,0.955,-0.22],"Handle":[-0.027,1.312,-1.362,0.999,-0.034,0.007,0.033,0.991,0.13,-0.012,-0.13,0.991],"ClickHitboxPart":[0,-0.5,0,1,0,0,0,1,0,0,0,1]},"t":2.805},{"parts":{"Left Leg":[-0.82,-1.545,-0.135,0.842,0.041,0.537,-0.443,0.621,0.647,-0.307,-0.783,0.541],"Right Leg":[0.482,-2.044,-0.14,0.944,-0.199,0.264,0.133,0.959,0.249,-0.303,-0.2,0.932],"Head":[0.013,1.29,-0.839,0.999,-0.034,0.007,0.033,0.991,0.13,-0.012,-0.13,0.991],"Torso":[0.013,-0.128,-0.346,0.999,0.016,-0.034,0,0.907,0.421,0.038,-0.421,0.906],"HumanoidRootPart":[0,0,0,1,0,0,0,1,0,0,0,1],"Right Arm":[1.506,0.426,-0.759,0.831,0.286,0.478,0.556,-0.465,-0.689,0.025,0.838,-0.545],"Left Arm":[-1.763,0.425,-0.784,0.821,-0.192,-0.537,-0.571,-0.263,-0.778,0.008,0.946,-0.325],"Handle":[0.003,1.505,-1.119,0.999,-0.034,0.007,0.033,0.991,0.13,-0.012,-0.13,0.991],"ClickHitboxPart":[0,-0.5,0,1,0,0,0,1,0,0,0,1]},"t":2.912},{"parts":{"Left Leg":[-0.478,-1.998,-0.449,0.839,-0.341,0.424,0.255,0.935,0.246,-0.48,-0.098,0.872],"Right Leg":[0.337,-2.077,0.057,0.717,0.172,-0.676,0.117,0.926,0.36,0.687,-0.337,0.643],"Head":[0.035,1.264,-0.434,0.999,-0.034,0.007,0.033,0.991,0.13,-0.012,-0.13,0.991],"Torso":[0.023,-0.227,-0.165,0.99,0.028,-0.139,0,0.979,0.203,0.142,-0.201,0.969],"HumanoidRootPart":[0,0,0,1,0,0,0,1,0,0,0,1],"Right Arm":[1.723,-0.213,-0.138,0.71,-0.615,-0.343,-0.696,-0.54,-0.473,0.106,0.574,-0.812],"Left Arm":[-1.71,-0.44,-0.503,0.385,0.412,0.826,0.922,-0.197,-0.332,0.026,0.89,-0.456],"Handle":[0.025,1.479,-0.714,0.999,-0.034,0.007,0.033,0.991,0.13,-0.012,-0.13,0.991],"ClickHitboxPart":[0,-0.5,0,1,0,0,0,1,0,0,0,1]},"t":3.023},{"parts":{"Left Leg":[-0.453,-2.043,-0.442,0.916,-0.265,0.301,0.218,0.959,0.181,-0.336,-0.101,0.936],"Right Leg":[0.497,-2.021,0.064,0.836,0.277,-0.474,-0.027,0.883,0.469,0.548,-0.379,0.745],"Head":[0.03,1.281,-0.486,0.999,-0.035,0.006,0.034,0.991,0.128,-0.011,-0.128,0.992],"Torso":[0.021,-0.204,-0.189,0.993,0.026,-0.119,0.002,0.973,0.231,0.121,-0.229,0.966],"HumanoidRootPart":[0,0,0,1,0,0,0,1,0,0,0,1],"Right Arm":[1.72,-0.134,-0.41,0.751,-0.393,-0.531,-0.633,-0.659,-0.407,-0.19,0.642,-0.743],"Left Arm":[-1.567,-0.376,-0.835,0.328,0.127,0.936,0.881,-0.398,-0.255,0.34,0.908,-0.243],"Handle":[0.019,1.497,-0.765,0.999,-0.035,0.006,0.034,0.991,0.128,-0.011,-0.128,0.992],"ClickHitboxPart":[0,-0.5,0,1,0,0,0,1,0,0,0,1]},"t":3.131},{"parts":{"Left Leg":[-0.544,-2.083,-0.177,0.899,0.231,-0.373,-0.077,0.92,0.385,0.432,-0.318,0.844],"Right Leg":[0.861,-1.617,-0.256,0.958,-0.144,0.246,0.029,0.908,0.417,-0.284,-0.392,0.875],"Head":[-0.044,1.397,-0.661,0.995,-0.093,-0.04,0.094,0.995,0.028,0.037,-0.032,0.999],"Torso":[0.001,-0.052,-0.289,1,0.001,-0.005,0,0.936,0.351,0.005,-0.351,0.936],"HumanoidRootPart":[0,0,0,1,0,0,0,1,0,0,0,1],"Right Arm":[1.384,0.32,-1.01,0.657,0.753,0.045,0.479,-0.37,-0.796,-0.582,0.545,-0.603],"Left Arm":[-1.268,-0.04,-1.344,0.354,-0.907,0.23,-0.106,-0.283,-0.953,0.929,0.313,-0.196],"Handle":[-0.057,1.639,-0.919,0.995,-0.093,-0.04,0.094,0.995,0.028,0.037,-0.032,0.999],"ClickHitboxPart":[0,-0.5,0,1,0,0,0,1,0,0,0,1]},"t":3.237},{"parts":{"Left Leg":[-0.486,-2.079,-0.071,0.868,0.317,-0.382,-0.19,0.923,0.335,0.458,-0.218,0.862],"Right Leg":[0.714,-1.891,-0.508,0.996,0.077,-0.034,-0.077,0.997,0.019,0.036,-0.016,0.999],"Head":[-0.098,1.432,-0.655,0.998,-0.049,-0.03,0.05,0.998,0.027,0.028,-0.028,0.999],"Torso":[-0.033,-0.019,-0.287,0.993,-0.04,0.11,-0.001,0.936,0.351,-0.117,-0.349,0.93],"HumanoidRootPart":[0,0,0,1,0,0,0,1,0,0,0,1],"Right Arm":[1.042,0.178,-1.208,0.035,0.93,0.367,0.779,0.205,-0.593,-0.627,0.307,-0.717],"Left Arm":[-1.281,-0.154,-1.323,0.028,-0.938,-0.346,-0.586,0.265,-0.765,0.81,0.225,-0.542],"Handle":[-0.103,1.675,-0.912,0.998,-0.049,-0.03,0.05,0.998,0.027,0.028,-0.028,0.999],"ClickHitboxPart":[0,-0.5,0,1,0,0,0,1,0,0,0,1]},"t":3.35},{"parts":{"Left Leg":[-0.384,-2.042,0.072,0.961,-0.161,0.225,0.101,0.961,0.257,-0.257,-0.224,0.94],"Right Leg":[0.497,-2.007,-0.596,0.991,0.109,-0.08,-0.107,0.994,0.028,0.082,-0.019,0.996],"Head":[-0.065,1.438,-0.511,0.994,0.11,0.017,-0.111,0.989,0.097,-0.006,-0.099,0.995],"Torso":[-0.054,-0.038,-0.206,0.981,-0.065,0.184,0.016,0.966,0.259,-0.195,-0.251,0.948],"HumanoidRootPart":[0,0,0,1,0,0,0,1,0,0,0,1],"Right Arm":[1.491,0.226,-0.857,0.862,0.197,-0.467,-0.281,-0.581,-0.764,-0.421,0.79,-0.446],"Left Arm":[-1.781,0.205,-0.715,0.971,-0.064,0.231,0.15,-0.588,-0.795,0.187,0.806,-0.562],"Handle":[-0.042,1.661,-0.784,0.994,0.11,0.017,-0.111,0.989,0.097,-0.006,-0.099,0.995],"ClickHitboxPart":[0,-0.5,0,1,0,0,0,1,0,0,0,1]},"t":3.464},{"parts":{"Left Leg":[-0.401,-2.056,0.068,0.957,-0.192,0.216,0.123,0.947,0.298,-0.262,-0.258,0.93],"Right Leg":[0.543,-1.976,-0.599,0.99,0.124,-0.074,-0.118,0.99,0.076,0.082,-0.067,0.994],"Head":[-0.103,1.401,-0.477,0.999,0.04,0.014,-0.042,0.991,0.129,-0.009,-0.129,0.992],"Torso":[-0.055,-0.083,-0.184,0.979,-0.067,0.19,0.021,0.972,0.233,-0.201,-0.224,0.954],"HumanoidRootPart":[0,0,0,1,0,0,0,1,0,0,0,1],"Right Arm":[1.626,0.083,-0.466,0.838,-0.305,-0.453,-0.546,-0.489,-0.681,-0.013,0.817,-0.576],"Left Arm":[-1.732,0.003,-0.397,0.83,0.298,0.471,0.558,-0.423,-0.714,-0.013,0.856,-0.517],"Handle":[-0.096,1.616,-0.757,0.999,0.04,0.014,-0.042,0.991,0.129,-0.009,-0.129,0.992],"ClickHitboxPart":[0,-0.5,0,1,0,0,0,1,0,0,0,1]},"t":3.571},{"parts":{"Left Leg":[-0.479,-2.049,0.033,0.997,-0.04,-0.063,0.057,0.954,0.295,0.048,-0.298,0.953],"Right Leg":[0.653,-1.746,-0.385,0.988,-0.098,-0.117,0.13,0.94,0.314,0.079,-0.326,0.942],"Head":[-0.069,1.409,-0.486,1,0.001,0.009,-0.002,0.993,0.122,-0.009,-0.122,0.992],"Torso":[-0.031,-0.075,-0.19,0.997,-0.038,0.073,0.019,0.972,0.233,-0.08,-0.231,0.97],"HumanoidRootPart":[0,0,0,1,0,0,0,1,0,0,0,1],"Right Arm":[1.291,0.414,-0.993,0.615,0.753,0.233,0.481,-0.125,-0.868,-0.624,0.646,-0.439],"Left Arm":[-1.348,0.221,-0.789,0.617,-0.584,-0.527,-0.493,0.235,-0.838,0.614,0.776,-0.143],"Handle":[-0.071,1.627,-0.765,1,0.001,0.009,-0.002,0.993,0.122,-0.009,-0.122,0.992],"ClickHitboxPart":[0,-0.5,0,1,0,0,0,1,0,0,0,1]},"t":3.683},{"parts":{"Left Leg":[-0.515,-2.069,-0.021,0.991,-0.025,-0.135,0.071,0.934,0.351,0.117,-0.358,0.926],"Right Leg":[0.669,-1.874,-0.127,0.973,-0.076,-0.218,0.161,0.9,0.406,0.165,-0.43,0.887],"Head":[-0.034,1.39,-0.445,1,0.001,0.009,-0.001,0.997,0.08,-0.009,-0.08,0.997],"Torso":[-0.015,-0.1,-0.181,1,-0.019,-0.003,0.019,0.975,0.22,-0.001,-0.22,0.975],"HumanoidRootPart":[0,0,0,1,0,0,0,1,0,0,0,1],"Right Arm":[1.182,0.196,-1.073,0.029,0.725,0.688,0.638,0.517,-0.571,-0.77,0.455,-0.447],"Left Arm":[-1.18,0.072,-0.869,0.178,-0.545,-0.819,-0.591,0.607,-0.532,0.787,0.579,-0.214],"Handle":[-0.036,1.619,-0.714,1,0.001,0.009,-0.001,0.997,0.08,-0.009,-0.08,0.997],"ClickHitboxPart":[0,-0.5,0,1,0,0,0,1,0,0,0,1]},"t":3.792},{"parts":{"Left Leg":[-0.521,-2.086,-0.084,0.99,-0.027,-0.137,0.081,0.911,0.404,0.114,-0.412,0.904],"Right Leg":[0.492,-2.037,0.098,0.943,0.134,-0.304,-0.033,0.948,0.315,0.331,-0.287,0.899],"Head":[-0.034,1.511,-0.158,1,0.001,0.01,-0.001,1,0.029,-0.01,-0.029,1],"Torso":[-0.015,-0.002,-0.064,1,-0.019,-0.003,0.019,0.997,0.078,0.001,-0.078,0.997],"HumanoidRootPart":[0,0,0,1,0,0,0,1,0,0,0,1],"Right Arm":[1.335,0.659,-0.778,0.664,0.627,0.406,0.611,-0.143,-0.778,-0.43,0.765,-0.478],"Left Arm":[-1.183,0.412,-0.716,0.561,-0.756,-0.338,-0.507,0.009,-0.862,0.654,0.655,-0.378],"Handle":[-0.036,1.754,-0.415,1,0.001,0.01,-0.001,1,0.029,-0.01,-0.029,1],"ClickHitboxPart":[0,-0.5,0,1,0,0,0,1,0,0,0,1]},"t":3.897},{"parts":{"Left Leg":[-0.642,-1.969,-0.413,0.99,-0.1,0.103,0.078,0.978,0.194,-0.12,-0.184,0.976],"Right Leg":[0.5,-2.099,0.009,0.938,0.181,-0.295,-0.04,0.903,0.428,0.344,-0.39,0.854],"Head":[-0.034,1.346,0.072,1,0.001,0.01,-0.001,1,-0.003,-0.01,0.003,1],"Torso":[-0.015,-0.17,0.032,1,-0.019,-0.002,0.019,0.999,-0.038,0.003,0.038,0.999],"HumanoidRootPart":[0,0,0,1,0,0,0,1,0,0,0,1],"Right Arm":[1.666,0.288,-0.259,0.926,-0.286,-0.248,-0.378,-0.726,-0.574,-0.015,0.625,-0.78],"Left Arm":[-1.528,0.378,-0.407,0.945,-0.18,0.273,0.013,-0.814,-0.581,0.327,0.552,-0.767],"Handle":[-0.036,1.597,-0.177,1,0.001,0.01,-0.001,1,-0.003,-0.01,0.003,1],"ClickHitboxPart":[0,-0.5,0,1,0,0,0,1,0,0,0,1]},"t":4.006},{"parts":{"Left Leg":[-0.587,-1.978,-0.369,0.992,-0.031,0.126,0.016,0.993,0.117,-0.129,-0.114,0.985],"Right Leg":[0.522,-2.089,-0.014,0.938,0.187,-0.293,-0.051,0.908,0.415,0.344,-0.374,0.861],"Head":[-0.039,1.425,0.022,1,0.001,0.01,-0.001,1,0.009,-0.01,-0.009,1],"Torso":[-0.021,-0.091,0.012,1,-0.019,-0.002,0.019,1,-0.014,0.002,0.014,1],"HumanoidRootPart":[0,0,0,1,0,0,0,1,0,0,0,1],"Right Arm":[1.647,0.002,-0.058,0.743,-0.587,-0.321,-0.292,0.147,-0.945,0.602,0.796,-0.062],"Left Arm":[-1.71,-0.134,-0.089,0.735,0.577,0.356,0.32,0.169,-0.932,-0.598,0.799,-0.06],"Handle":[-0.042,1.673,-0.23,1,0.001,0.01,-0.001,1,0.009,-0.01,-0.009,1],"ClickHitboxPart":[0,-0.5,0,1,0,0,0,1,0,0,0,1]},"t":4.109},{"parts":{"Left Leg":[-0.612,-1.895,-0.312,0.992,0.032,0.124,-0.033,0.999,0.001,-0.124,-0.005,0.992],"Right Leg":[0.634,-1.937,-0.263,0.939,-0.014,-0.343,-0.001,0.999,-0.044,0.344,0.042,0.938],"Head":[-0.056,1.471,-0.25,1,0.001,0.009,-0.002,0.987,0.161,-0.009,-0.161,0.987],"Torso":[-0.037,-0.034,-0.076,1,-0.019,-0.002,0.019,0.996,0.092,0,-0.092,0.996],"HumanoidRootPart":[0,0,0,1,0,0,0,1,0,0,0,1],"Right Arm":[1.475,-0.145,0.061,0.826,-0.224,-0.517,0.052,0.944,-0.326,0.561,0.242,0.791],"Left Arm":[-1.558,-0.23,0.027,0.798,0.235,0.555,0.009,0.916,-0.401,-0.603,0.325,0.729],"Handle":[-0.058,1.678,-0.537,1,0.001,0.009,-0.002,0.987,0.161,-0.009,-0.161,0.987],"ClickHitboxPart":[0,-0.5,0,1,0,0,0,1,0,0,0,1]},"t":4.218},{"parts":{"Left Leg":[-0.627,-2.009,-0.304,0.992,0.016,0.126,-0.029,0.994,0.104,-0.124,-0.107,0.986],"Right Leg":[0.622,-2.004,-0.235,0.938,-0.028,-0.345,0.048,0.998,0.049,0.343,-0.062,0.937],"Head":[-0.078,1.28,-0.734,1,0.001,0.009,-0.005,0.878,0.478,-0.008,-0.478,0.878],"Torso":[-0.059,-0.138,-0.222,1,-0.019,-0.002,0.019,0.963,0.269,-0.003,-0.269,0.963],"HumanoidRootPart":[0,0,0,1,0,0,0,1,0,0,0,1],"Right Arm":[1.437,-0.275,-0.147,0.955,-0.064,-0.289,0.07,0.998,0.011,0.287,-0.031,0.957],"Left Arm":[-1.549,-0.33,-0.136,0.952,0.028,0.303,-0.035,0.999,0.02,-0.303,-0.03,0.953],"Handle":[-0.08,1.38,-1.073,1,0.001,0.009,-0.005,0.878,0.478,-0.008,-0.478,0.878],"ClickHitboxPart":[0,-0.5,0,1,0,0,0,1,0,0,0,1]},"t":4.331},{"parts":{"Left Leg":[-0.798,-1.922,-0.311,0.944,0.049,0.326,-0.086,0.991,0.1,-0.318,-0.122,0.94],"Right Leg":[0.716,-1.932,-0.19,0.817,-0.016,-0.577,0.022,1,0.003,0.577,-0.015,0.817],"Head":[-0.103,1.425,-0.597,1,0.001,0.01,-0.004,0.937,0.348,-0.009,-0.348,0.937],"Torso":[-0.083,-0.033,-0.189,1,-0.019,-0.002,0.019,0.973,0.23,-0.002,-0.23,0.973],"HumanoidRootPart":[0,0,0,1,0,0,0,1,0,0,0,1],"Right Arm":[1.198,-0.114,-0.814,0.476,0.059,0.877,0.455,0.837,-0.303,-0.752,0.543,0.372],"Left Arm":[-1.383,-0.098,-0.82,0.49,-0.086,-0.867,-0.445,0.831,-0.334,0.75,0.549,0.369],"Handle":[-0.105,1.573,-0.919,1,0.001,0.01,-0.004,0.937,0.348,-0.009,-0.348,0.937],"ClickHitboxPart":[0,-0.5,0,1,0,0,0,1,0,0,0,1]},"t":4.44},{"parts":{"Left Leg":[-0.945,-2.028,-0.373,0.825,-0.079,0.56,-0.051,0.976,0.212,-0.564,-0.203,0.801],"Right Leg":[0.757,-2.009,-0.282,0.779,0.006,-0.628,0.069,0.993,0.096,0.624,-0.118,0.773],"Head":[-0.152,1.293,-0.07,1,0.001,0.01,-0.001,1,-0.004,-0.01,0.004,1],"Torso":[-0.117,-0.222,-0.032,0.999,-0.035,-0.005,0.035,0.999,0.039,0.004,-0.039,0.999],"HumanoidRootPart":[0,0,0,1,0,0,0,1,0,0,0,1],"Right Arm":[1.606,-0.053,-0.312,0.446,-0.641,0.624,0.895,0.328,-0.303,-0.01,0.694,0.72],"Left Arm":[-1.836,-0.201,-0.324,0.502,0.618,-0.605,-0.865,0.375,-0.335,0.02,0.691,0.723],"Handle":[-0.154,1.544,-0.319,1,0.001,0.01,-0.001,1,-0.004,-0.01,0.004,1],"ClickHitboxPart":[0,-0.5,0,1,0,0,0,1,0,0,0,1]},"t":4.552},{"parts":{"Left Leg":[-0.813,-1.982,-0.425,0.943,-0.075,0.324,0.06,0.997,0.056,-0.327,-0.034,0.944],"Right Leg":[0.499,-1.964,-0.366,0.952,-0.049,-0.304,0.033,0.998,-0.057,0.306,0.044,0.951],"Head":[-0.069,1.375,-0.326,1,0.007,0.01,-0.007,0.999,0.048,-0.009,-0.048,0.999],"Torso":[-0.089,-0.127,-0.135,1,0.017,-0.002,-0.016,0.986,0.164,0.004,-0.164,0.986],"HumanoidRootPart":[0,0,0,1,0,0,0,1,0,0,0,1],"Right Arm":[1.647,-0.194,-0.51,0.458,-0.591,0.663,0.793,0.609,-0.005,-0.401,0.528,0.748],"Left Arm":[-1.816,-0.266,-0.432,0.478,0.649,-0.592,-0.846,0.521,-0.113,0.235,0.555,0.798],"Handle":[-0.069,1.613,-0.588,1,0.007,0.01,-0.007,0.999,0.048,-0.009,-0.048,0.999],"ClickHitboxPart":[0,-0.5,0,1,0,0,0,1,0,0,0,1]},"t":4.66},{"parts":{"Left Leg":[-0.769,-2.028,-0.359,0.978,-0.1,0.181,0.06,0.975,0.214,-0.198,-0.199,0.96],"Right Leg":[0.387,-2.002,-0.376,0.992,-0.052,-0.114,0.048,0.998,-0.039,0.116,0.034,0.993],"Head":[0.01,1.216,-0.533,0.999,0.047,0.013,-0.048,0.984,0.17,-0.005,-0.17,0.985],"Torso":[-0.059,-0.262,-0.2,0.999,0.045,0.017,-0.047,0.969,0.243,-0.006,-0.243,0.97],"HumanoidRootPart":[0,0,0,1,0,0,0,1,0,0,0,1],"Right Arm":[1.368,-0.312,-0.792,0.255,-0.041,0.966,0.822,0.536,-0.194,-0.509,0.843,0.17],"Left Arm":[-1.662,-0.275,-0.567,0.474,0.354,-0.806,-0.88,0.225,-0.419,0.033,0.908,0.419],"Handle":[0.019,1.419,-0.821,0.999,0.047,0.013,-0.048,0.984,0.17,-0.005,-0.17,0.985],"ClickHitboxPart":[0,-0.5,0,1,0,0,0,1,0,0,0,1]},"t":4.763},{"parts":{"Left Leg":[-0.777,-1.942,-0.281,0.953,0.143,0.267,-0.182,0.975,0.128,-0.242,-0.171,0.955],"Right Leg":[0.72,-1.825,-0.424,0.988,-0.061,-0.145,0.063,0.998,0.01,0.144,-0.019,0.989],"Head":[0.15,1.39,-0.429,0.991,0.129,0.017,-0.13,0.985,0.114,-0.002,-0.115,0.993],"Torso":[0.092,-0.098,-0.166,0.991,-0.006,0.133,-0.021,0.979,0.201,-0.132,-0.202,0.971],"HumanoidRootPart":[0,0,0,1,0,0,0,1,0,0,0,1],"Right Arm":[1.204,0.016,-1.23,0.381,0.795,0.472,0.596,0.178,-0.783,-0.706,0.58,-0.406],"Left Arm":[-1.058,-0.237,-0.849,0.247,-0.577,-0.778,-0.876,0.211,-0.434,0.415,0.789,-0.453],"Handle":[0.178,1.608,-0.706,0.991,0.129,0.017,-0.13,0.985,0.114,-0.002,-0.115,0.993],"ClickHitboxPart":[0,-0.5,0,1,0,0,0,1,0,0,0,1]},"t":4.868},{"parts":{"Left Leg":[-1.007,-1.705,-0.172,0.739,0.562,0.37,-0.582,0.81,-0.069,-0.339,-0.165,0.926],"Right Leg":[0.933,-1.98,-0.458,0.958,-0.246,-0.147,0.251,0.968,0.021,0.137,-0.057,0.989],"Head":[0.495,1.248,-0.417,0.968,0.251,0.012,-0.251,0.968,0.021,-0.006,-0.023,1],"Torso":[0.27,-0.223,-0.181,0.958,0.098,0.268,-0.152,0.971,0.187,-0.242,-0.22,0.945],"HumanoidRootPart":[0,0,0,1,0,0,0,1,0,0,0,1],"Right Arm":[0.931,-0.488,-1.508,0.788,0.612,0.07,-0.321,0.504,-0.802,-0.526,0.609,0.593],"Left Arm":[-1.344,-0.422,-0.849,0.911,0.316,-0.267,-0.41,0.61,-0.678,-0.051,0.727,0.685],"Handle":[0.555,1.485,-0.672,0.968,0.251,0.012,-0.251,0.968,0.021,-0.006,-0.023,1],"ClickHitboxPart":[0,-0.5,0,1,0,0,0,1,0,0,0,1]},"t":4.982},{"parts":{"Left Leg":[-1.084,-1.845,-0.16,0.857,0.378,0.35,-0.375,0.924,-0.078,-0.352,-0.064,0.934],"Right Leg":[0.916,-2.045,-0.434,0.931,-0.322,-0.169,0.323,0.946,-0.025,0.168,-0.032,0.985],"Head":[0.733,1.236,-0.425,0.918,0.396,0.007,-0.396,0.918,-0.008,-0.01,0.004,1],"Torso":[0.329,-0.191,-0.191,0.943,0.202,0.266,-0.253,0.951,0.175,-0.218,-0.232,0.948],"HumanoidRootPart":[0,0,0,1,0,0,0,1,0,0,0,1],"Right Arm":[0.903,-0.625,-1.307,0.758,0.639,0.13,-0.481,0.684,-0.549,-0.439,0.353,0.826],"Left Arm":[-1.208,-0.256,-0.648,0.865,0.496,-0.081,-0.481,0.77,-0.42,-0.146,0.402,0.904],"Handle":[0.83,1.467,-0.674,0.918,0.396,0.007,-0.396,0.918,-0.008,-0.01,0.004,1],"ClickHitboxPart":[0,-0.5,0,1,0,0,0,1,0,0,0,1]},"t":5.095},{"parts":{"Left Leg":[-0.753,-2.002,-0.376,0.959,-0.053,0.277,0.058,0.998,-0.009,-0.276,0.025,0.961],"Right Leg":[0.752,-1.948,-0.436,0.951,-0.136,-0.278,0.142,0.99,0.001,0.275,-0.04,0.961],"Head":[0.374,1.234,-0.433,0.969,0.245,0.008,-0.245,0.97,-0.006,-0.01,0.004,1],"Torso":[0.147,-0.233,-0.195,0.99,0.103,0.096,-0.123,0.966,0.227,-0.07,-0.237,0.969],"HumanoidRootPart":[0,0,0,1,0,0,0,1,0,0,0,1],"Right Arm":[1.478,-0.194,-1.125,0.937,0.35,-0.001,0.039,-0.106,-0.994,-0.348,0.931,-0.113],"Left Arm":[-1.308,-0.099,-0.476,0.94,0.245,-0.239,-0.261,0.062,-0.963,-0.221,0.968,0.122],"Handle":[0.434,1.478,-0.682,0.969,0.245,0.008,-0.245,0.97,-0.006,-0.01,0.004,1],"ClickHitboxPart":[0,-0.5,0,1,0,0,0,1,0,0,0,1]},"t":5.206},{"parts":{"Left Leg":[-0.785,-2.009,-0.473,0.959,-0.089,0.269,0.063,0.993,0.103,-0.276,-0.082,0.958],"Right Leg":[0.725,-1.999,-0.337,0.96,-0.059,-0.273,0.039,0.996,-0.079,0.276,0.065,0.959],"Head":[-0.321,1.26,-0.437,0.982,-0.189,0.01,0.189,0.982,-0.002,-0.009,0.004,1],"Torso":[-0.141,-0.215,-0.196,0.981,-0.084,-0.175,0.122,0.967,0.221,0.151,-0.239,0.959],"HumanoidRootPart":[0,0,0,1,0,0,0,1,0,0,0,1],"Right Arm":[1.385,0.158,-0.763,0.938,0.045,0.342,0.345,-0.096,-0.934,-0.009,0.994,-0.105],"Left Arm":[-1.487,-0.444,-0.877,0.961,0.029,0.276,0.276,0.012,-0.961,-0.032,0.999,0.004],"Handle":[-0.371,1.506,-0.685,0.982,-0.189,0.01,0.189,0.982,-0.002,-0.009,0.004,1],"ClickHitboxPart":[0,-0.5,0,1,0,0,0,1,0,0,0,1]},"t":5.309},{"parts":{"Left Leg":[-0.924,-2.039,-0.554,0.972,0.203,0.118,-0.22,0.964,0.148,-0.084,-0.169,0.982],"Right Leg":[1.083,-1.797,-0.076,0.814,-0.486,-0.319,0.457,0.874,-0.164,0.359,-0.012,0.933],"Head":[-0.753,1.187,-0.445,0.942,-0.336,0.01,0.336,0.942,-0.001,-0.009,0.004,1],"Torso":[-0.362,-0.244,-0.2,0.891,-0.22,-0.398,0.296,0.945,0.141,0.345,-0.243,0.907],"HumanoidRootPart":[0,0,0,1,0,0,0,1,0,0,0,1],"Right Arm":[1.241,-0.126,-0.566,0.848,-0.53,-0.008,0.405,0.656,-0.637,0.343,0.537,0.771],"Left Arm":[-0.972,-0.653,-1.653,0.666,-0.627,0.404,0.743,0.509,-0.435,0.068,0.59,0.805],"Handle":[-0.84,1.423,-0.694,0.942,-0.336,0.01,0.336,0.942,-0.001,-0.009,0.004,1],"ClickHitboxPart":[0,-0.5,0,1,0,0,0,1,0,0,0,1]},"t":5.42},{"parts":{"Left Leg":[-0.87,-2.08,-0.53,0.916,0.375,0.144,-0.39,0.916,0.093,-0.097,-0.141,0.985],"Right Leg":[1.112,-1.784,-0.081,0.822,-0.458,-0.34,0.445,0.887,-0.119,0.356,-0.054,0.933],"Head":[-0.938,1.047,-0.442,0.947,-0.321,0.01,0.321,0.947,-0.001,-0.009,0.004,1],"Torso":[-0.446,-0.356,-0.199,0.861,-0.326,-0.392,0.392,0.914,0.102,0.325,-0.242,0.914],"HumanoidRootPart":[0,0,0,1,0,0,0,1,0,0,0,1],"Right Arm":[1.201,-0.048,-0.403,0.762,-0.647,-0.03,0.612,0.734,-0.293,0.212,0.205,0.956],"Left Arm":[-1.17,-0.738,-1.487,0.577,-0.735,0.357,0.792,0.61,-0.023,-0.201,0.296,0.934],"Handle":[-1.021,1.284,-0.691,0.947,-0.321,0.01,0.321,0.947,-0.001,-0.009,0.004,1],"ClickHitboxPart":[0,-0.5,0,1,0,0,0,1,0,0,0,1]},"t":5.53},{"parts":{"Left Leg":[-0.835,-1.936,-0.368,0.913,0.243,0.327,-0.241,0.969,-0.047,-0.328,-0.036,0.944],"Right Leg":[0.885,-1.902,-0.174,0.94,-0.182,-0.289,0.186,0.982,-0.014,0.287,-0.041,0.957],"Head":[-0.508,1.327,-0.457,0.985,-0.173,0.01,0.173,0.985,-0.003,-0.01,0.004,1],"Torso":[-0.25,-0.135,-0.205,0.954,-0.169,-0.249,0.222,0.954,0.203,0.203,-0.249,0.947],"HumanoidRootPart":[0,0,0,1,0,0,0,1,0,0,0,1],"Right Arm":[1.032,0.073,-0.994,0.256,0.395,0.883,0.678,0.578,-0.455,-0.689,0.715,-0.12],"Left Arm":[-1.969,-0.146,-1.093,0.406,0.692,0.597,-0.06,0.672,-0.738,-0.912,0.264,0.314],"Handle":[-0.553,1.573,-0.705,0.985,-0.173,0.01,0.173,0.985,-0.003,-0.01,0.004,1],"ClickHitboxPart":[0,-0.5,0,1,0,0,0,1,0,0,0,1]},"t":5.635},{"parts":{"Left Leg":[-0.662,-2.006,-0.262,0.891,0.06,0.449,-0.086,0.996,0.038,-0.445,-0.073,0.892],"Right Leg":[0.758,-2.007,-0.279,0.969,-0.022,-0.246,0.044,0.996,0.082,0.243,-0.09,0.966],"Head":[-0.076,1.226,-0.481,1,-0.021,0.01,0.021,1,-0.004,-0.009,0.004,1],"Torso":[-0.026,-0.254,-0.217,0.999,-0.039,-0.008,0.039,0.964,0.262,-0.003,-0.262,0.965],"HumanoidRootPart":[0,0,0,1,0,0,0,1,0,0,0,1],"Right Arm":[1.607,0.064,-1.096,0.928,0.167,0.333,0.344,-0.727,-0.595,0.143,0.667,-0.732],"Left Arm":[-1.797,-0.129,-0.74,0.336,0.493,-0.802,0.089,-0.865,-0.494,-0.938,0.095,-0.335],"Handle":[-0.083,1.477,-0.729,1,-0.021,0.01,0.021,1,-0.004,-0.009,0.004,1],"ClickHitboxPart":[0,-0.5,0,1,0,0,0,1,0,0,0,1]},"t":5.746},{"parts":{"Left Leg":[-0.686,-2.011,-0.302,0.984,0.044,0.175,-0.063,0.992,0.108,-0.169,-0.117,0.979],"Right Leg":[0.744,-2.01,-0.299,0.997,-0.024,-0.08,0.033,0.993,0.111,0.077,-0.113,0.991],"Head":[0.033,1.378,-0.421,1,-0.005,0.014,0.005,1,-0.004,-0.014,0.004,1],"Torso":[0.08,-0.111,-0.191,0.98,-0.044,0.193,-0.002,0.973,0.232,-0.198,-0.228,0.953],"HumanoidRootPart":[0,0,0,1,0,0,0,1,0,0,0,1],"Right Arm":[1.86,-0.257,-0.686,0.606,-0.767,-0.212,0.186,0.395,-0.9,0.774,0.506,0.382],"Left Arm":[-1.037,0.005,-0.885,0.123,-0.71,-0.693,-0.983,-0.181,0.01,-0.133,0.68,-0.721],"Handle":[0.028,1.629,-0.67,1,-0.005,0.014,0.005,1,-0.004,-0.014,0.004,1],"ClickHitboxPart":[0,-0.5,0,1,0,0,0,1,0,0,0,1]},"t":5.849},{"parts":{"Left Leg":[-0.74,-1.972,-0.263,1,0.012,0.004,-0.013,0.995,0.103,-0.003,-0.103,0.995],"Right Leg":[0.595,-1.97,-0.251,0.996,-0.086,-0.025,0.088,0.993,0.079,0.018,-0.081,0.997],"Head":[0.079,1.559,-0.363,0.998,-0.033,0.045,0.033,0.999,-0.003,-0.045,0.004,0.999],"Torso":[0.053,0.063,-0.167,0.989,0.042,0.139,-0.067,0.98,0.187,-0.128,-0.195,0.972],"HumanoidRootPart":[0,0,0,1,0,0,0,1,0,0,0,1],"Right Arm":[0.981,-0.154,-1.393,0.32,0.528,0.787,0.135,0.797,-0.589,-0.938,0.295,0.184],"Left Arm":[-1.89,0.061,-0.665,0.608,0.599,-0.521,-0.778,0.58,-0.241,0.158,0.552,0.819],"Handle":[0.06,1.81,-0.611,0.998,-0.033,0.045,0.033,0.999,-0.003,-0.045,0.004,0.999],"ClickHitboxPart":[0,-0.5,0,1,0,0,0,1,0,0,0,1]},"t":5.962},{"parts":{"Left Leg":[-0.718,-2.011,-0.183,0.997,-0.045,0.058,0.035,0.986,0.161,-0.064,-0.159,0.985],"Right Leg":[0.581,-2.003,-0.193,0.988,0.02,-0.154,-0.002,0.993,0.115,0.155,-0.114,0.981],"Head":[-0.037,1.398,-0.462,0.994,-0.056,0.098,0.057,0.998,0.001,-0.098,0.004,0.995],"Torso":[-0.04,-0.086,-0.215,0.998,0.03,0.054,-0.042,0.969,0.244,-0.045,-0.246,0.968],"HumanoidRootPart":[0,0,0,1,0,0,0,1,0,0,0,1],"Right Arm":[1.368,0.153,-1.423,0.894,0.437,-0.098,0.337,-0.801,-0.494,-0.294,0.409,-0.864],"Left Arm":[-1.884,0.368,-0.661,0.104,0.744,-0.659,0.15,-0.667,-0.73,-0.983,-0.022,-0.181],"Handle":[-0.076,1.647,-0.71,0.994,-0.056,0.098,0.057,0.998,0.001,-0.098,0.004,0.995],"ClickHitboxPart":[0,-0.5,0,1,0,0,0,1,0,0,0,1]},"t":6.066},{"parts":{"Left Leg":[-0.627,-2.005,-0.143,0.993,0.065,0.103,-0.077,0.99,0.116,-0.095,-0.123,0.988],"Right Leg":[0.924,-1.9,-0.255,0.987,0.067,-0.146,-0.039,0.981,0.191,0.156,-0.183,0.971],"Head":[0.117,1.333,-0.545,0.986,0.012,0.165,-0.013,1,0.006,-0.164,-0.008,0.986],"Torso":[0.107,-0.142,-0.253,0.987,0.004,0.162,-0.049,0.959,0.279,-0.155,-0.283,0.946],"HumanoidRootPart":[0,0,0,1,0,0,0,1,0,0,0,1],"Right Arm":[1.629,-0.004,-0.923,0.795,-0.59,-0.143,-0.547,-0.594,-0.589,0.263,0.546,-0.795],"Left Arm":[-1.129,0.181,-0.93,0.149,-0.631,-0.761,-0.912,-0.386,0.141,-0.383,0.673,-0.633],"Handle":[0.079,1.581,-0.793,0.986,0.012,0.165,-0.013,1,0.006,-0.164,-0.008,0.986],"ClickHitboxPart":[0,-0.5,0,1,0,0,0,1,0,0,0,1]},"t":6.176},{"parts":{"Left Leg":[-0.727,-1.832,-0.025,0.875,0.337,0.348,-0.399,0.909,0.123,-0.275,-0.246,0.9